# [1] m:            [M_sun/h] 
# [2] sigma 
# [3] ln(1/sigma) 
# [4] n_eff 
# [5] f(sigma) 
# [6] dn/dm:        [h^4/(Mpc^3*M_sun)] 
# [7] dn/dlnm:      [h^3/Mpc^3] 
# [8] dn/dlog10m:   [h^3/Mpc^3] 
# [9] n(>m):        [h^3/Mpc^3] 
# [11] rho(>m):     [M_sun*h^2/Mpc^3] 
# [11] rho(<m):     [M_sun*h^2/Mpc^3] 
# [12] Lbox(N=1):   [Mpc/h]
1.000000000000000000e+08 9.342304428829596441e-01 6.803214432994227068e-02 -2.515308955417428827e+00 2.194079685263663759e-01 1.335554329055239199e-07 1.335554329055239187e+01 3.075227488966258349e+01 nan nan nan nan
1.047128548050898463e+08 9.307570375666155416e-01 7.175700507969010045e-02 -2.514074617330376960e+00 2.181255713254781348e-01 1.214004606540475177e-07 1.271218880973830068e+01 2.927089645262913464e+01 nan nan nan nan
1.096478196143182814e+08 9.272876969031430550e-01 7.549140891937770881e-02 -2.512828306178043647e+00 2.168336675227966748e-01 1.103450687339939602e-07 1.209909619187452101e+01 2.785919853011129987e+01 nan nan nan nan
1.148153621496879309e+08 9.238224881647432163e-01 7.923533817221822817e-02 -2.511591878762228447e+00 2.155323116615223689e-01 1.002857971978344382e-07 1.151435012373952027e+01 2.651277095043676724e+01 nan nan nan nan
1.202264434617408216e+08 9.203614865430892467e-01 8.298876595642913634e-02 -2.510348212483964225e+00 2.142215646979575561e-01 9.113699376467985645e-08 1.095707662812230865e+01 2.522960130670789169e+01 nan nan nan nan
1.258925411794161052e+08 9.169046174071933120e-01 8.675182804934128411e-02 -2.509084975125667416e+00 2.129014336912903316e-01 8.281882750779551379e-08 1.042627265245610602e+01 2.400737998503691983e+01 nan nan nan nan
1.318256738556399345e+08 9.134519012054362896e-01 9.052455785579810454e-02 -2.507830941456313134e+00 2.115719641744711332e-01 7.525174802781848455e-08 9.920112392581994953e+00 2.284190291598480016e+01 nan nan nan nan
1.380384264602875412e+08 9.100034396742702203e-01 9.430689961654957487e-02 -2.506576372009171827e+00 2.102332363384791236e-01 6.836998515369642581e-08 9.437685167729474855e+00 2.173107317958490015e+01 nan nan nan nan
1.445439770745916069e+08 9.065591880409444858e-01 9.809895798883275231e-02 -2.505298897524887991e+00 2.088852768580125308e-01 6.211476919426578205e-08 8.978315774409502126e+00 2.067333606234861421e+01 nan nan nan nan
1.513561248436194658e+08 9.031191140533084694e-01 1.019008250137933280e-01 -2.504025475483429908e+00 2.075281196270288842e-01 5.642615899591775735e-08 8.540444765432049223e+00 1.966510080442286679e+01 nan nan nan nan
1.584893192461097836e+08 8.996833297544805097e-01 1.057124334019673012e-01 -2.502757449549318114e+00 2.061618586224672478e-01 5.125317497330165579e-08 8.123080810720329836e+00 1.870408478395061991e+01 nan nan nan nan
1.659586907437542677e+08 8.962518335830406135e-01 1.095338412315817467e-01 -2.501468314014403838e+00 2.047865464549725179e-01 4.655200129272865986e-08 7.725709186042804433e+00 1.778910280458932647e+01 nan nan nan nan
1.737800828749355078e+08 8.928245512388913729e-01 1.133651885856813979e-01 -2.500174582073259710e+00 2.034022092134971094e-01 4.227836374381765783e-08 7.347137555217301497e+00 1.691740941082007765e+01 nan nan nan nan
1.819700858609960079e+08 8.894015832963224621e-01 1.172064207223689342e-01 -2.498890403617376688e+00 2.020089465625382052e-01 3.839259707579091893e-08 6.986304186308298192e+00 1.608655987451538394e+01 nan nan nan nan
1.905460717963221073e+08 8.859829740976723489e-01 1.210575451557464738e-01 -2.497591125212562879e+00 2.006068393743897782e-01 3.486159116100667960e-08 6.642739252299207031e+00 1.529547237899056888e+01 nan nan nan nan
1.995262314968850315e+08 8.825686309671897378e-01 1.249187243971735389e-01 -2.496277116387093820e+00 1.991959153984028119e-01 3.165310199163719577e-08 6.315624155577915566e+00 1.454226203358681779e+01 nan nan nan nan
2.089296130854006708e+08 8.791586201787311428e-01 1.287899423111472097e-01 -2.494974818126038496e+00 1.977762708764302102e-01 2.873633547695318586e-08 6.003871452692101762e+00 1.382442490722134032e+01 nan nan nan nan
2.187761623949516118e+08 8.757530257812767838e-01 1.326711618362569067e-01 -2.493665271822218976e+00 1.963480136233626827e-01 2.608605436663344679e-08 5.707006866358135255e+00 1.314086893609090545e+01 nan nan nan nan
2.290867652767732441e+08 8.723517658945486586e-01 1.365625351623519501e-01 -2.492332652455933939e+00 1.949111854619978434e-01 2.367882574304277215e-08 5.424505595026055005e+00 1.249038571996979030e+01 nan nan nan nan
2.398832919019445777e+08 8.689548539932410165e-01 1.404641067426426193e-01 -2.491010466691205849e+00 1.934658713187799584e-01 2.149103754496751412e-08 5.155340832675092244e+00 1.187061095062117921e+01 nan nan nan nan
2.511886431509530842e+08 8.655624018786103324e-01 1.443758077406218920e-01 -2.489688727749388431e+00 1.920122020085935632e-01 1.950330251856118665e-08 4.899008096599950512e+00 1.128038301368817997e+01 nan nan nan nan
2.630267991895327568e+08 8.621743628109876934e-01 1.482977517307774995e-01 -2.488340752665797684e+00 1.905502445376838494e-01 1.769842034557028061e-08 4.655158854206255192e+00 1.071889938321456626e+01 nan nan nan nan
2.754228703338106871e+08 8.587906929492775676e-01 1.522300503100149083e-01 -2.486996708466756800e+00 1.890800701636789205e-01 1.605868850041584027e-08 4.422930080581088497e+00 1.018417287090096934e+01 nan nan nan nan
2.884031503126540780e+08 8.554115130932034017e-01 1.561726239705714392e-01 -2.485659842540461462e+00 1.876018254971786592e-01 1.456906433301338236e-08 4.201764050748785451e+00 9.674919267532430922e+00 nan nan nan nan
3.019951720401945114e+08 8.520368251199621490e-01 1.601255311150772964e-01 -2.484299448456251724e+00 1.861156096844440999e-01 1.321674657585958296e-08 3.991393655988366262e+00 9.190523532549816466e+00 nan nan nan nan
3.162277660168301463e+08 8.486665414195313506e-01 1.640889361139765412e-01 -2.482932715939598634e+00 1.846214857968387912e-01 1.198873799641295432e-08 3.791171833966756832e+00 8.729495749870752164e+00 nan nan nan nan
3.311311214825826287e+08 8.453007674260458737e-01 1.680627771734853337e-01 -2.481577724672686003e+00 1.831196060714923024e-01 1.087333245070242035e-08 3.600498768654051052e+00 8.290454792046235255e+00 nan nan nan nan
3.467368504525224566e+08 8.419395553215116568e-01 1.720470543457059687e-01 -2.480206547840943188e+00 1.816101037858302014e-01 9.860864213335039349e-09 3.419125000071781884e+00 7.872826256248551147e+00 nan nan nan nan
3.630780547700913548e+08 8.385828009481232082e-01 1.760419536996233603e-01 -2.478817359461825465e+00 1.800930457931330386e-01 8.941925607770975767e-09 3.246616955568352836e+00 7.475611804553401463e+00 nan nan nan nan
3.801893963205503821e+08 8.352305693676301823e-01 1.800474612692259391e-01 -2.477442093342166807e+00 1.785685788745270675e-01 8.107437943055010647e-09 3.082361937276409058e+00 7.097400647984907884e+00 nan nan nan nan
3.981071705534855127e+08 8.318829553597517634e-01 1.840635267112429585e-01 -2.476059821076940892e+00 1.770368681464424832e-01 7.350038089655125609e-09 2.926102867332947888e+00 6.737600842887980335e+00 nan nan nan nan
4.168693834703227282e+08 8.285398702757377221e-01 1.880903198265382603e-01 -2.474650431816937779e+00 1.754979990932759304e-01 6.662921803987265054e-09 2.777568104539141824e+00 6.395586912287555492e+00 nan nan nan nan
4.365158322401522398e+08 8.252013197100419584e-01 1.921278985254829819e-01 -2.473252861906702016e+00 1.739521040478780034e-01 6.039153081720743964e-09 2.636185933493010669e+00 6.070042432821599832e+00 nan nan nan nan
4.570881896148602366e+08 8.218674270240752255e-01 1.961761779257442662e-01 -2.471857108462265362e+00 1.723993745187068771e-01 5.473073647172383917e-09 2.501677325014825204e+00 5.760324916060357126e+00 nan nan nan nan
4.786300923226223588e+08 8.185381447013911904e-01 2.002352800785997811e-01 -2.470431405218440180e+00 1.708399272096085830e-01 4.959704104165522136e-09 2.373863633269632789e+00 5.466023014767340982e+00 nan nan nan nan
5.011872336272550821e+08 8.152134162513577920e-01 2.043053395896190227e-01 -2.469009371830007016e+00 1.692738782645469564e-01 4.493874792206033979e-09 2.252272675372998023e+00 5.186049487671683167e+00 nan nan nan nan
5.248074602497540712e+08 8.118933719909162683e-01 2.083862627251884536e-01 -2.467596720570812696e+00 1.677014361908245876e-01 4.071192814249524371e-09 2.136592361033341714e+00 4.919685720320325473e+00 nan nan nan nan
5.495408738576046228e+08 8.085780188229410026e-01 2.124781063857005270e-01 -2.466158012431885371e+00 1.661227561779825557e-01 3.687958490538015482e-09 2.026683931640833602e+00 4.666612209206747686e+00 nan nan nan nan
5.754399373371354342e+08 8.052672551821754565e-01 2.165810626462675026e-01 -2.464710797397805297e+00 1.645379457224825370e-01 3.340401896101022506e-09 1.922200657773220689e+00 4.426030580331967279e+00 nan nan nan nan
6.025595860743346214e+08 8.019611912686722688e-01 2.206950622257648764e-01 -2.463277905994488926e+00 1.629472178080399181e-01 3.025105954138377637e-09 1.822806591556625833e+00 4.197167285129572711e+00 nan nan nan nan
6.309573444801684618e+08 7.986598886631348648e-01 2.248200950997481240e-01 -2.461827884070452388e+00 1.613507673042129109e-01 2.739279798089331913e-09 1.728368707190616860e+00 3.979716020374505447e+00 nan nan nan nan
6.606934480075694323e+08 7.953632319409384976e-01 2.289563731495897481e-01 -2.460355992890875143e+00 1.597487078374048297e-01 2.480212431214758083e-09 1.638660102970515231e+00 3.773154325583996549e+00 nan nan nan nan
6.918309709189080000e+08 7.920712841142318883e-01 2.331038860231985366e-01 -2.458900513103595920e+00 1.581412437207314337e-01 2.245258967575661343e-09 1.553339691502254816e+00 3.576696818009061918e+00 nan nan nan nan
7.244359600749595165e+08 7.887841518828060394e-01 2.372625673220097042e-01 -2.457438569341137580e+00 1.565286058021557181e-01 2.032295250039866629e-09 1.472267760618410692e+00 3.390021798495678862e+00 nan nan nan nan
7.585775750291509628e+08 7.855017409212698976e-01 2.414326049664857754e-01 -2.455944964203221836e+00 1.549109310747616708e-01 1.839369861643830208e-09 1.395304729227481610e+00 3.212807869703292685e+00 nan nan nan nan
7.943282347242463827e+08 7.822240478422072263e-01 2.456140732798065551e-01 -2.454464584827261042e+00 1.532884053165434191e-01 1.664471729298482180e-09 1.322136890482076943e+00 3.044332694921531690e+00 nan nan nan nan
8.317637711026334763e+08 7.789512080955075524e-01 2.498068690967198691e-01 -2.452987765001009457e+00 1.516612879868734221e-01 1.505968707307514041e-09 1.252610211152656028e+00 2.884241599532229916e+00 nan nan nan nan
8.709635899560405016e+08 7.756831749816431865e-01 2.540111218305834417e-01 -2.451477017196849406e+00 1.500297530991630546e-01 1.362436879829001770e-09 1.186632915944374034e+00 2.732323263109572409e+00 nan nan nan nan
9.120108393558667898e+08 7.724198786279921070e-01 2.582269925756330853e-01 -2.449969425324384886e+00 1.483939671913043490e-01 1.232387385710640744e-09 1.123950654053543774e+00 2.587992021284597932e+00 nan nan nan nan
9.549925860213899612e+08 7.691614586057949898e-01 2.624543723395499906e-01 -2.448473750658699988e+00 1.467542064289407144e-01 1.114553481741313661e-09 1.064390311787281274e+00 2.450849265048678394e+00 nan nan nan nan
9.999999999999508858e+08 7.659079284096284024e-01 2.666933143645494608e-01 -2.446949531305767422e+00 1.451106888278960727e-01 1.007878859530537496e-09 1.007878859530487947e+00 2.320726837498741535e+00 nan nan nan nan
1.047128548050847054e+09 7.626591726437105256e-01 2.709440412778854057e-01 -2.445414153204429120e+00 1.434635716031502639e-01 9.112857689274245122e-10 9.542333440763737240e-01 2.197203473308116273e+00 nan nan nan nan
1.096478196143129110e+09 7.594153053733503356e-01 2.752064768268951411e-01 -2.443895943393265213e+00 1.418131326714854590e-01 8.237903141849830399e-10 9.032681176977317428e-01 2.079851702787588241e+00 nan nan nan nan
1.148153621496823072e+09 7.561763986347953548e-01 2.794805984926641007e-01 -2.442359916843289902e+00 1.401596338419275056e-01 7.445966964328188419e-10 8.549113935639115480e-01 1.968506230651028588e+00 nan nan nan nan
1.202264434617349148e+09 7.529423268670306646e-01 2.837666452615366652e-01 -2.440797613328138382e+00 1.385032405961063584e-01 6.729350025658959723e-10 8.090458203941113258e-01 1.862896845588619010e+00 nan nan nan nan
1.258925411794099331e+09 7.497131498067115540e-01 2.880646125352943066e-01 -2.439254337778548276e+00 1.368442175085706203e-01 6.080461468966009390e-10 7.654847458716187436e-01 1.762593764758324744e+00 nan nan nan nan
1.318256738556334734e+09 7.464889863834113237e-01 2.923744157843187752e-01 -2.437705471802494195e+00 1.351828646296534819e-01 5.493253866350334486e-10 7.241518925916967664e-01 1.667421352945066548e+00 nan nan nan nan
1.380384264602807522e+09 7.432697384059216983e-01 2.966962605700167455e-01 -2.436120012282957603e+00 1.335193748758642107e-01 4.962209998340962899e-10 6.849756599364589249e-01 1.577214743633449157e+00 nan nan nan nan
1.445439770745845318e+09 7.400553925161679203e-01 3.010302408338204616e-01 -2.434549062347124870e+00 1.318539891164611788e-01 4.481592550305726694e-10 6.477872108490198011e-01 1.491585175133143926e+00 nan nan nan nan
1.513561248436120510e+09 7.368460957510339915e-01 3.053762339037289775e-01 -2.432983735514100854e+00 1.301870360570203111e-01 4.046759767514632351e-10 6.125018765840511970e-01 1.410337690453315140e+00 nan nan nan nan
1.584893192461020231e+09 7.336418041251009381e-01 3.097343747601052355e-01 -2.431380393011945085e+00 1.285187500091513335e-01 3.653696685586710549e-10 5.790719004303770401e-01 1.333362325702718509e+00 nan nan nan nan
1.659586907437461376e+09 7.304424341906193829e-01 3.141048541947882855e-01 -2.429779351426644585e+00 1.268493488512042466e-01 3.298187561205012779e-10 5.473628894848929782e-01 1.260349629786061909e+00 nan nan nan nan
1.737800828749269724e+09 7.272481336374984062e-01 3.184875479387565544e-01 -2.428192969917126298e+00 1.251791754478892571e-01 2.976636100292106806e-10 5.172800681972617998e-01 1.191081373933958520e+00 nan nan nan nan
1.819700858609870911e+09 7.240589239217738449e-01 3.228825032758487201e-01 -2.426575748233765761e+00 1.235085113979660920e-01 2.686068670625211004e-10 4.887841466221771181e-01 1.125467089704041079e+00 nan nan nan nan
1.905460717963127375e+09 7.208746766930610450e-01 3.272899755390333842e-01 -2.424944198541264306e+00 1.218375639420999912e-01 2.423457253080331448e-10 4.617802597407396625e-01 1.063288342317945778e+00 nan nan nan nan
1.995262314968752384e+09 7.176955084344748270e-01 3.317098828428644008e-01 -2.423332789424627265e+00 1.201666728744772011e-01 2.186016634037336837e-10 4.361676609789536530e-01 1.004313154216219584e+00 nan nan nan nan
2.089296130853904009e+09 7.145215020926478644e-01 3.361421881634908404e-01 -2.421703223189869636e+00 1.184961648407180240e-01 1.971511132522882533e-10 4.119070581115457097e-01 9.484510517066773172e-01 nan nan nan nan
2.187761623949408531e+09 7.113525237898498110e-01 3.405871580036470281e-01 -2.420042456173239209e+00 1.168262564355270483e-01 1.777791518168155354e-10 3.889384058831047986e-01 8.955637754793048799e-01 nan nan nan nan
2.290867652767620087e+09 7.081886286160390398e-01 3.450447961742230674e-01 -2.418403340038780325e+00 1.151572676671942658e-01 1.602719138882150052e-10 3.671617431736692305e-01 8.454211565493991998e-01 nan nan nan nan
2.398832919019328117e+09 7.050299472865378947e-01 3.495149986514298202e-01 -2.416759839018687739e+00 1.134895625375057920e-01 1.444599667680725391e-10 3.465353237636905614e-01 7.979270706941392621e-01 nan nan nan nan
2.511886431509407520e+09 7.018763799663875202e-01 3.539979873771859076e-01 -2.415074525154801144e+00 1.118233872209632718e-01 1.301899160765452986e-10 3.270222837120226322e-01 7.529966355521728882e-01 nan nan nan nan
2.630267991895198822e+09 6.987279025666598420e-01 3.584938792466452195e-01 -2.413404782306518115e+00 1.101590315399013226e-01 1.173012917453993853e-10 3.085338330858845013e-01 7.104254047478707479e-01 nan nan nan nan
2.754228703337971687e+09 6.955846725405693265e-01 3.630025316203278063e-01 -2.411742983732529488e+00 1.084968849700364002e-01 1.056643662848798270e-10 2.910238305418330618e-01 6.701071339116501102e-01 nan nan nan nan
2.884031503126399040e+09 6.924466505313807696e-01 3.675240828321497677e-01 -2.410039098004094882e+00 1.068372364891859577e-01 9.516780316025806010e-11 2.744669423975163447e-01 6.319834900841766467e-01 nan nan nan nan
3.019951720401796818e+09 6.893137397606472483e-01 3.720587563707974388e-01 -2.408336252139363420e+00 1.051803480952676201e-01 8.569465436851752073e-11 2.587937188894418594e-01 5.958945592753204235e-01 nan nan nan nan
3.162277660168146610e+09 6.861860944546742669e-01 3.766064133293157701e-01 -2.406650924442655715e+00 1.035266178339862841e-01 7.714476556603060287e-11 2.439531687483674494e-01 5.617229297486517892e-01 nan nan nan nan
3.311311214825664043e+09 6.830637450616973139e-01 3.811670927829609035e-01 -2.404932752068240198e+00 1.018763814103185728e-01 6.943584513169792663e-11 2.299236926954893456e-01 5.294188673267777867e-01 nan nan nan nan
3.467368504525054455e+09 6.799465516328830894e-01 3.857410844410468220e-01 -2.403196530722943258e+00 1.002298875234724357e-01 6.248456483158780335e-11 2.166570121160014128e-01 4.988712063909352401e-01 nan nan nan nan
3.630780547700735569e+09 6.768346314353544946e-01 3.903283026207526318e-01 -2.401483489789156600e+00 9.858752368786236064e-02 5.621371153136810332e-11 2.040996503421518282e-01 4.699568123631359118e-01 nan nan nan nan
3.801893963205317020e+09 6.737280783258732253e-01 3.949286940958727787e-01 -2.399752331440067721e+00 9.694966761401979660e-02 5.056161924267643402e-11 1.922299149686173270e-01 4.426257366342512545e-01 nan nan nan nan
3.981071705534659863e+09 6.706267522565564354e-01 3.995425527296741497e-01 -2.397984547927128673e+00 9.531657625263710576e-02 4.546950645754255934e-11 1.810173656227481997e-01 4.168078876559928592e-01 nan nan nan nan
4.168693834703022480e+09 6.675307023334842160e-01 4.041698937602964392e-01 -2.396240992149847315e+00 9.368860876576658170e-02 4.087846511253134805e-11 1.704098054867320133e-01 3.923830778137640807e-01 nan nan nan nan
4.365158322401308060e+09 6.644400702286062943e-01 4.088105926633326392e-01 -2.394494566751905307e+00 9.206617498890395934e-02 3.674195933240390615e-11 1.603844695611733318e-01 3.692988887593150471e-01 nan nan nan nan
4.570881896148377419e+09 6.613547566933881683e-01 4.134648861364779160e-01 -2.392700882273254503e+00 9.044956016750999028e-02 3.301819111880088365e-11 1.509222520284941027e-01 3.475113277219009089e-01 nan nan nan nan
4.786300923225988388e+09 6.582747263348722733e-01 4.181329175666341769e-01 -2.390923539515817264e+00 8.883908518980133950e-02 2.966334074481571208e-11 1.419776751928785163e-01 3.269156784370726432e-01 nan nan nan nan
5.011872336272304535e+09 6.552001456151819170e-01 4.228145241979084368e-01 -2.389156679068142441e+00 8.723517801390287540e-02 2.664192790398305494e-11 1.335259414469338601e-01 3.074548423037057332e-01 nan nan nan nan
5.248074602497282982e+09 6.521309814510466429e-01 4.275098454354550603e-01 -2.387343746416551227e+00 8.563816353900255418e-02 2.392370198860708418e-11 1.255533728041225705e-01 2.890973245938966985e-01 nan nan nan nan
5.495408738575776100e+09 6.490671242447215716e-01 4.322191404387173974e-01 -2.385530123792744650e+00 8.404832845749377057e-02 2.147701127034082191e-11 1.180249554135213846e-01 2.717625029364612588e-01 nan nan nan nan
5.754399373371071815e+09 6.460087331192406745e-01 4.369422565304783013e-01 -2.383736976412770048e+00 8.246610002840618070e-02 1.927461599216297486e-11 1.109138381872706580e-01 2.553885504167631715e-01 nan nan nan nan
6.025595860743050575e+09 6.429558481852170049e-01 4.416792224438988446e-01 -2.381909302732609923e+00 8.089184406118629656e-02 1.729422522908484524e-11 1.042080119551316852e-01 2.399478148984315329e-01 nan nan nan nan
6.309573444801375389e+09 6.399083194513963679e-01 4.464303637469967390e-01 -2.380059258682467593e+00 7.932582914716869438e-02 1.551347056530258127e-11 9.788338191554095402e-02 2.253848160505675657e-01 nan nan nan nan
6.606934480075369835e+09 6.368662633535768780e-01 4.511955930916612401e-01 -2.378235518735515530e+00 7.776846152496144637e-02 1.391148795393751356e-11 9.191228943202291168e-02 2.116358675091301322e-01 nan nan nan nan
6.918309709188739777e+09 6.338297844002529491e-01 4.559748394557677775e-01 -2.376394061339956565e+00 7.622014058944043269e-02 1.247165691784864478e-11 8.628278514442319636e-02 1.986734548555569579e-01 nan nan nan nan
7.244359600749238968e+09 6.307987384955779930e-01 4.607684237437348340e-01 -2.374510044376722195e+00 7.468113873341904185e-02 1.117829171246891065e-11 8.097956488719980361e-02 1.864623389464103442e-01 nan nan nan nan
7.585775750291137695e+09 6.277731675014672774e-01 4.655763760078081570e-01 -2.372652777261897494e+00 7.315182302420591975e-02 1.001560759683888789e-11 7.597615323253213704e-02 1.749415578562598939e-01 nan nan nan nan
7.943282347242074013e+09 6.247532231596802932e-01 4.703985501612473752e-01 -2.370794442351295217e+00 7.163261465197347244e-02 8.971137664065356454e-12 7.126027944164883832e-02 1.640828571649306789e-01 nan nan nan nan
8.317637711025926590e+09 6.217388087767024007e-01 4.752351960155788979e-01 -2.368883200943718847e+00 7.012380831113772250e-02 8.033770141903828081e-12 6.682198949401338406e-02 1.538633168931199668e-01 nan nan nan nan
8.709635899559976578e+09 6.187298772491166554e-01 4.800864872456654386e-01 -2.366988735457221438e+00 6.862572308458687875e-02 7.191881772579576290e-12 6.263867167185011020e-02 1.442308716365504895e-01 nan nan nan nan
9.120108393558219910e+09 6.157266027446458567e-01 4.849522406820818698e-01 -2.365107515867667320e+00 6.713878633586226052e-02 6.436026738073019803e-12 5.869726147506487690e-02 1.351554392720580866e-01 nan nan nan nan
9.549925860213432312e+09 6.127289597332847837e-01 4.898325946040382739e-01 -2.363176346341658185e+00 6.566332363131059668e-02 5.758192969226571165e-12 5.499031594491599756e-02 1.266198817537963761e-01 nan nan nan nan
9.999999999999017715e+09 6.097368264375269131e-01 4.947278469780001520e-01 -2.361242218390417147e+00 6.419961175745274307e-02 5.150065744030359957e-12 5.150065744029853898e-02 1.185846461014243153e-01 nan nan nan nan
1.047128548050795746e+10 6.067503653678792963e-01 4.996378322035773811e-01 -2.359331668157909512e+00 6.274806433974697284e-02 4.604449965869836288e-12 4.821451007333817790e-02 1.110180121608797532e-01 nan nan nan nan
1.096478196143075180e+10 6.037696266687305746e-01 5.045625666037997226e-01 -2.357385216000281059e+00 6.130903612669359737e-02 4.115469321381370422e-12 4.512522377790410821e-02 1.039046675890224619e-01 nan nan nan nan
1.148153621496766663e+10 6.007944518519050536e-01 5.095024131755419017e-01 -2.355411409047437843e+00 5.988277843812486734e-02 3.677297143161903119e-12 4.222102032241053376e-02 9.721749200538115643e-02 nan nan nan nan
1.202264434617290115e+10 5.978249550248972977e-01 5.144572852312609967e-01 -2.353467181101124517e+00 5.846967065567811039e-02 3.284470686803853634e-12 3.948802293287297788e-02 9.092453295704033822e-02 nan nan nan nan
1.258925411794037437e+10 5.948612510322843772e-01 5.194270921722617951e-01 -2.351505963623478301e+00 5.707008718309752870e-02 2.932639569438934686e-12 3.691974477599399562e-02 8.501085395834857839e-02 nan nan nan nan
1.318256738556269836e+10 5.919031936439624886e-01 5.244121817197426871e-01 -2.349495714343555530e+00 5.568427481607253482e-02 2.617742342061842763e-12 3.450856482227095817e-02 7.945890694037983926e-02 nan nan nan nan
1.380384264602739906e+10 5.889508163467684909e-01 5.294126024729157720e-01 -2.347514702399822184e+00 5.431256133707525885e-02 2.335689895614815134e-12 3.224149578898306834e-02 7.423878757954271990e-02 nan nan nan nan
1.445439770745774269e+10 5.860042802135319029e-01 5.344281853131441773e-01 -2.345534708375209387e+00 5.295532780920667038e-02 2.083245477866933935e-12 3.011205865935151840e-02 6.933557738838508344e-02 nan nan nan nan
1.513561248436046219e+10 5.830634927069338058e-01 5.394591916886108951e-01 -2.343495946996812407e+00 5.161283231928810722e-02 1.857544690787273571e-12 2.811507661213735396e-02 6.473735629549301485e-02 nan nan nan nan
1.584893192460942268e+10 5.801283947133109020e-01 5.445058297450746654e-01 -2.341474016061706909e+00 5.028534408771386660e-02 1.655611786852264339e-12 2.623967850340250263e-02 6.041909256689091678e-02 nan nan nan nan
1.659586907437379837e+10 5.771991670050976575e-01 5.495678952485740787e-01 -2.339468367915761071e+00 4.897323452474665328e-02 1.475015474370888272e-12 2.447916369533462144e-02 5.636535741383854464e-02 nan nan nan nan
1.737800828749184418e+10 5.742757925443450207e-01 5.546455232377027755e-01 -2.337408985715683674e+00 4.767677842229934432e-02 1.313701244482454152e-12 2.282951111390443821e-02 5.256689197121825613e-02 nan nan nan nan
1.819700858609781647e+10 5.713581380545147415e-01 5.597390539369633267e-01 -2.335343770066045099e+00 4.639619359418850619e-02 1.169562942454665856e-12 2.128254690582937966e-02 4.900487524630928876e-02 nan nan nan nan
1.905460717963034058e+10 5.684463681397282642e-01 5.648483094858742781e-01 -2.333305472584254137e+00 4.513182214042704699e-02 1.040767987942242811e-12 1.983142517537368407e-02 4.566354398164227529e-02 nan nan nan nan
1.995262314968654251e+10 5.655405431855961007e-01 5.699732915916457809e-01 -2.331230172041804050e+00 4.388395133273172849e-02 9.258200111386672991e-13 1.847253778668842689e-02 4.253459013739799982e-02 nan nan nan nan
2.089296130853801727e+10 5.626404976266760061e-01 5.751144025332487475e-01 -2.329121793530910978e+00 4.265276429398773966e-02 8.232562457415543745e-13 1.720026088929055980e-02 3.960506431928895177e-02 nan nan nan nan
2.187761623949301147e+10 5.597463418998390727e-01 5.802715587638610506e-01 -2.327046511095557157e+00 4.143855461735573148e-02 7.317012808932637547e-13 1.600787982532830486e-02 3.685950545624108732e-02 nan nan nan nan
2.290867652767507553e+10 5.568582009224648521e-01 5.854446479057530128e-01 -2.324955275634710272e+00 4.024161137250854836e-02 6.500579554838103164e-13 1.489196742642041535e-02 3.429002220142855772e-02 nan nan nan nan
2.398832919019210052e+10 5.539759279411776705e-01 5.906340445486066848e-01 -2.322807935089893139e+00 3.906210192661711822e-02 5.773133986156390638e-13 1.384878385190054309e-02 3.188800325348285086e-02 nan nan nan nan
2.511886431509284210e+10 5.510995470447628275e-01 5.958398200044395798e-01 -2.320692310577238349e+00 3.790025631006614659e-02 5.124515901709383392e-13 1.287220196155736476e-02 2.963934035069070577e-02 nan nan nan nan
2.630267991895069504e+10 5.482292280758016556e-01 6.010617800885322826e-01 -2.318580096097914378e+00 3.675635244370082516e-02 4.546648596912924107e-13 1.195890427485469219e-02 2.753639471182318596e-02 nan nan nan nan
2.754228703337836456e+10 5.453648838876794525e-01 6.063001966213670269e-01 -2.316402993351466488e+00 3.563055457830938133e-02 4.032430601786484807e-13 1.110623610765820203e-02 2.557305370076599221e-02 nan nan nan nan
2.884031503126257706e+10 5.425064431258851405e-01 6.115553169083079998e-01 -2.314242357203106337e+00 3.452302496964073514e-02 3.574568849564236999e-13 1.030916917223704404e-02 2.373773925714678379e-02 nan nan nan nan
3.019951720401648712e+10 5.396540922710243438e-01 6.168269145448257440e-01 -2.312101390755543662e+00 3.343401490713539259e-02 3.167066122066433380e-13 9.564386783960304034e-03 2.202281443237626146e-02 nan nan nan nan
3.162277660167991257e+10 5.368078234412725358e-01 6.221151192109116712e-01 -2.309902960356764900e+00 3.236368826653520520e-02 2.804867441139686963e-13 8.869769648848590746e-03 2.042339937172979805e-02 nan nan nan nan
3.311311214825501251e+10 5.339674924691685254e-01 6.274203174008339268e-01 -2.307695128808454843e+00 3.131214809340061161e-02 2.482872493878426987e-13 8.221563533961395373e-03 1.893084963440295684e-02 nan nan nan nan
3.467368504524884033e+10 5.311332649259685734e-01 6.327423194990779987e-01 -2.305517903781774347e+00 3.027960153412065716e-02 2.196622244885933569e-13 7.616498788256233048e-03 1.753763657064601536e-02 nan nan nan nan
3.630780547700556946e+10 5.283052115596130749e-01 6.380811100874530517e-01 -2.303302819304476667e+00 2.926620659844310357e-02 1.942471496098450735e-13 7.052687722497052829e-03 1.623941361536384090e-02 nan nan nan nan
3.801893963205130768e+10 5.254831609433056050e-01 6.434371330542738576e-01 -2.301048091127874340e+00 2.827202319552581458e-02 1.716913246184268250e-13 6.527522106014893924e-03 1.503017509549899565e-02 nan nan nan nan
3.981071705534464264e+10 5.226672186213638938e-01 6.488103107046784279e-01 -2.298830311591653963e+00 2.729719839109282301e-02 1.516650026005652119e-13 6.037892505729210678e-03 1.390276127679254681e-02 nan nan nan nan
4.168693834702818298e+10 5.198575194000952804e-01 6.542005061055015114e-01 -2.296597927629322911e+00 2.634187422697886055e-02 1.339042874542667582e-13 5.582059775508757364e-03 1.285316762728815586e-02 nan nan nan nan
4.365158322401094055e+10 5.170539173080164197e-01 6.596081211144695366e-01 -2.294301673860361213e+00 2.540608399960601199e-02 1.181682991217660196e-13 5.158233343553588271e-03 1.187727120305132750e-02 nan nan nan nan
4.570881896148153687e+10 5.142564261037514406e-01 6.650332544576241789e-01 -2.292039623033266249e+00 2.448990370370539987e-02 1.042173910066256169e-13 4.763653858159784191e-03 1.096871836198229193e-02 nan nan nan nan
4.786300923225753784e+10 5.114652240020213236e-01 6.704756841676058343e-01 -2.289783745355940869e+00 2.359344833449622536e-02 9.185994809534416110e-14 4.396693543762156091e-03 1.012376101232990468e-02 nan nan nan nan
5.011872336272058868e+10 5.086802301910066104e-01 6.759356913035342584e-01 -2.287456520659272297e+00 2.271673448303014251e-02 8.092849043647823703e-14 4.056032624348431675e-03 9.339360257522216768e-03 nan nan nan nan
5.248074602497025299e+10 5.059013608675073659e-01 6.814135676947684628e-01 -2.285144943561553621e+00 2.185976656356483291e-02 7.125374264159823926e-14 3.739449570902310394e-03 8.610400837962640941e-03 nan nan nan nan
5.495408738575506592e+10 5.031288074600201998e-01 6.869090632155431253e-01 -2.282856857487469249e+00 2.102261990091677801e-02 6.269557006105740775e-14 3.445377835835077701e-03 7.933275644525936143e-03 nan nan nan nan
5.754399373370790100e+10 5.003625717093264091e-01 6.924222999307489967e-01 -2.280507586152807242e+00 2.020529583822548367e-02 5.513604373966139703e-14 3.172748155456520027e-03 7.305522606578539191e-03 nan nan nan nan
6.025595860742755127e+10 4.976024990576340401e-01 6.979537153478453382e-01 -2.278144555282288763e+00 1.940773729766372135e-02 4.845842661505635882e-14 2.919908948297901714e-03 6.723338817250670493e-03 nan nan nan nan
6.309573444801065063e+10 4.948487550437233318e-01 7.035031084681581115e-01 -2.275816282555903403e+00 1.862996679801095026e-02 4.256033172669218550e-14 2.685375388646612550e-03 6.183305338990782545e-03 nan nan nan nan
6.606934480075045776e+10 4.921014208469339790e-01 7.090704438009527433e-01 -2.273449518336002395e+00 1.787196567437631875e-02 3.735788528395055246e-14 2.468211003852210320e-03 5.683265863833969478e-03 nan nan nan nan
6.918309709188400269e+10 4.893603201693528804e-01 7.146562097866534513e-01 -2.271035572031834704e+00 1.713363071838418933e-02 3.277177058106637777e-14 2.267252585982862910e-03 5.220542006536341671e-03 nan nan nan nan
7.244359600748883057e+10 4.866255525382581770e-01 7.202603376023632986e-01 -2.268662862484524645e+00 1.641492100294828990e-02 2.872768248716280197e-14 2.081136624331434131e-03 4.791994167669510162e-03 nan nan nan nan
7.585775750290765381e+10 4.838972625570436281e-01 7.258826622415526231e-01 -2.266277233214576192e+00 1.571579048112881766e-02 2.516589572897551003e-14 1.909028415552083743e-03 4.395700371752271109e-03 nan nan nan nan
7.943282347241683960e+10 4.811753060761843059e-01 7.315236135795581962e-01 -2.263819168787736480e+00 1.503610427908982396e-02 2.203251129922020558e-14 1.750104580684987881e-03 4.029764718665848101e-03 nan nan nan nan
8.317637711025517273e+10 4.784596856491732386e-01 7.371833231553659438e-01 -2.261397802005543411e+00 1.437575266601040687e-02 1.927459917195857105e-14 1.603191329375838140e-03 3.691484456238112478e-03 nan nan nan nan
8.709635899559548950e+10 4.757505875801616435e-01 7.428615377458701596e-01 -2.258985841979610498e+00 1.373465498659783013e-02 1.684955469729469320e-14 1.467534864831500840e-03 3.379123903210045753e-03 nan nan nan nan
9.120108393557772827e+10 4.730479381199986233e-01 7.485585465347699419e-01 -2.256495640135947944e+00 1.311265310690310978e-02 1.472035417023160670e-14 1.342512256240724301e-03 3.091248708381694448e-03 nan nan nan nan
9.549925860212962341e+10 4.703516408050449904e-01 7.542746920934992882e-01 -2.254019784387888414e+00 1.250957231977686303e-02 1.285031989908330827e-14 1.227196023162649158e-03 2.825723269115891934e-03 nan nan nan nan
9.999999999998527527e+10 4.676618913974051606e-01 7.600096984393924782e-01 -2.251571783921764602e+00 1.192528962045396115e-02 1.120890671863458900e-14 1.120890671863293770e-03 2.580946151908500730e-03 nan nan nan nan
1.047128548050744324e+11 4.649787016662965122e-01 7.657636773119437246e-01 -2.249058860014873318e+00 1.135962565133544037e-02 9.770439162111039523e-15 1.023090577363946303e-03 2.355753112220894396e-03 nan nan nan nan
1.096478196143021393e+11 4.623019070867527280e-01 7.715371227817725552e-01 -2.246526918163050279e+00 1.081235238725043735e-02 8.510049779235161828e-15 9.331084031023087868e-04 2.148561499130855357e-03 nan nan nan nan
1.148153621496710358e+11 4.596316723089625689e-01 7.773298226121939658e-01 -2.244034496920641608e+00 1.028329749980806673e-02 7.405911971523794603e-15 8.503124650590886645e-04 1.957916806432077883e-03 nan nan nan nan
1.202264434617231140e+11 4.569680890656223071e-01 7.831417175158356114e-01 -2.241503200228065928e+00 9.772258380291849039e-03 6.440103715030356144e-15 7.742707651827300834e-04 1.782824321850847533e-03 nan nan nan nan
1.258925411793975677e+11 4.543109770136414260e-01 7.889733440309383283e-01 -2.238916054641934661e+00 9.278968427726049309e-03 5.595983500752383216e-15 7.044925833076987227e-04 1.622154120449172988e-03 nan nan nan nan
1.318256738556205292e+11 4.516604286126180701e-01 7.948246456215963818e-01 -2.236374975386733244e+00 8.803201901306942356e-03 4.858083578535357055e-15 6.404201413873478448e-04 1.474621870811646277e-03 nan nan nan nan
1.380384264602672119e+11 4.490165982770845110e-01 8.006954247136108815e-01 -2.233823057251691058e+00 8.344729977592399775e-03 4.213912698338363289e-15 5.816818781195663354e-04 1.339372021422892889e-03 nan nan nan nan
1.445439770745703430e+11 4.463793445256715731e-01 8.065861402094358645e-01 -2.231189215829642691e+00 7.903260508462257167e-03 3.652329335376710319e-15 5.279222077214719725e-04 1.215585805759967575e-03 nan nan nan nan
1.513561248435971985e+11 4.437486578866918219e-01 8.124969626777795995e-01 -2.228594575000994560e+00 7.478515105973388734e-03 3.162585180082488090e-15 4.786766373450754069e-04 1.102193689515287541e-03 nan nan nan nan
1.584893192460864563e+11 4.411247325631684202e-01 8.184276032477686424e-01 -2.226013176835683005e+00 7.070236567472808903e-03 2.735972197939794453e-15 4.336223711276969233e-04 9.984524077473666201e-04 nan nan nan nan
1.659586907437298279e+11 4.385075024526786103e-01 8.243783579600970635e-01 -2.223346102503680921e+00 6.678115298121652457e-03 2.364969838812078698e-15 3.924872980976623431e-04 9.037354017891876612e-04 nan nan nan nan
1.737800828749099121e+11 4.358968581710348511e-01 8.303496274466404259e-01 -2.220691536642896757e+00 6.301827977721564597e-03 2.042302665717684735e-15 3.549115265040687136e-04 8.172139902600298027e-04 nan nan nan nan
1.819700858609692383e+11 4.332929992491771909e-01 8.363411071884504500e-01 -2.218069847916365411e+00 5.941087026388263380e-03 1.761886962405363980e-15 3.206107218262263764e-04 7.382334687311296797e-04 nan nan nan nan
1.905460717962940369e+11 4.306959477817517978e-01 8.423528954136229041e-01 -2.215379439344848045e+00 5.595569223074947293e-03 1.518616536677580405e-15 2.893664156288056175e-04 6.662907950400070740e-04 nan nan nan nan
1.995262314968556519e+11 4.281055295335933208e-01 8.483855494615037962e-01 -2.212663680638335073e+00 5.264918833366912312e-03 1.307663896566412229e-15 2.609132493463902562e-04 6.007749585096366701e-04 nan nan nan nan
2.089296130853699036e+11 4.255219074119561684e-01 8.544388460145131425e-01 -2.209992968173659644e+00 4.948817221430087260e-03 1.124803187542417320e-15 2.350046947704280127e-04 5.411183069620033878e-04 nan nan nan nan
2.187761623949194031e+11 4.229451838008154163e-01 8.605126974566228437e-01 -2.207283267871231303e+00 4.646929018398757508e-03 9.665586933541443817e-16 2.114600016614673892e-04 4.869046475901909706e-04 nan nan nan nan
2.290867652767395325e+11 4.203751749443194741e-01 8.666076927592696322e-01 -2.204507719932489174e+00 4.358879695549216712e-03 8.297648232559141462e-16 1.900881393001228555e-04 4.376941159074385144e-04 nan nan nan nan
2.398832919019092407e+11 4.178119651817543412e-01 8.727237917303634074e-01 -2.201783713575595769e+00 4.084321328256010179e-03 7.115159735315984430e-16 1.706807939715515490e-04 3.930070518592826152e-04 nan nan nan nan
2.511886431509161072e+11 4.152557187999594834e-01 8.788607586390509985e-01 -2.199051416742824117e+00 3.822907793781338791e-03 6.094563806976389117e-16 1.530885213271080921e-04 3.524993471163001546e-04 nan nan nan nan
2.630267991894940491e+11 4.127062976447465892e-01 8.850190827210633326e-01 -2.196226634784885334e+00 3.574257231424557858e-03 5.215111315697549676e-16 1.371714036784837389e-04 3.158488292951452795e-04 nan nan nan nan
2.754228703337701416e+11 4.101636793811798132e-01 8.911989809472107282e-01 -2.193443536963807450e+00 3.337997684125974720e-03 4.457229273322322989e-16 1.227622880194138757e-04 2.826706143753439501e-04 nan nan nan nan
2.884031503126116333e+11 4.076280659545890583e-01 8.974001233932088484e-01 -2.190678291599664540e+00 3.113774368260146478e-03 3.804981034612007505e-16 1.097368517261843263e-04 2.526784389368099629e-04 nan nan nan nan
3.019951720401500244e+11 4.050993994044742585e-01 9.036228113604360956e-01 -2.187819277202962098e+00 2.901205808264967125e-03 3.244706232544724973e-16 9.798856169170911973e-05 2.256270014352568340e-04 nan nan nan nan
3.162277660167836304e+11 4.025775571072724990e-01 9.098675122202835031e-01 -2.184970324783307216e+00 2.699905354484633327e-03 2.763542381990393489e-16 8.739088337495230438e-05 2.012249453227463614e-04 nan nan nan nan
3.311311214825338745e+11 4.000627418701303561e-01 9.161338894992375748e-01 -2.182160101101478844e+00 2.509511824020839270e-03 2.350724360204586312e-16 7.783979936908565222e-05 1.792327616689039541e-04 nan nan nan nan
3.467368504524713745e+11 3.975549864058027794e-01 9.224220238739070377e-01 -2.179277288892689235e+00 2.329649042711248643e-03 1.997243972707799386e-16 6.925180846818841033e-05 1.594581818417294627e-04 nan nan nan nan
3.630780547700379028e+11 3.950541069472468525e-01 9.287325438485825035e-01 -2.176361514840864153e+00 2.159926920717280575e-03 1.694805466347850455e-16 6.153466719352045393e-05 1.416888073821499631e-04 nan nan nan nan
3.801893963204943848e+11 3.925602638585975468e-01 9.350652150522598127e-01 -2.173497306034807508e+00 1.999981037657388126e-03 1.436198004607121149e-16 5.460272523682799961e-05 1.257274211671699439e-04 nan nan nan nan
3.981071705534268799e+11 3.900735703455615599e-01 9.414199157373966953e-01 -2.170594329757715713e+00 1.849443956564296400e-03 1.215492666909055588e-16 4.838963464516031135e-05 1.114212513893743671e-04 nan nan nan nan
4.168693834702613525e+11 3.875938397602198826e-01 9.477972923833118957e-01 -2.167613942730822529e+00 1.707932862965046540e-03 1.027400468802428415e-16 4.282918000067258325e-05 9.861783141470740663e-05 nan nan nan nan
4.365158322400879517e+11 3.851211472619198717e-01 9.541973259792327910e-01 -2.164691340342602910e+00 1.575084492109374333e-03 8.671515542212876825e-17 3.785253823691911451e-05 8.715869027631707093e-05 nan nan nan nan
4.570881896147929077e+11 3.826556671363391393e-01 9.606197356010959254e-01 -2.161763588433469607e+00 1.450543396108949345e-03 7.308721538042516789e-17 3.340730296222498957e-05 7.692315779795509060e-05 nan nan nan nan
4.786300923225518799e+11 3.801972650904761331e-01 9.670650422980358041e-01 -2.158731536264479889e+00 1.333942390788334922e-03 6.151993253618647865e-17 2.944529098947209824e-05 6.780028809123035021e-05 nan nan nan nan
5.011872336271812744e+11 3.777459050697862253e-01 9.735335182062810899e-01 -2.155743601142448007e+00 1.224925301690416328e-03 5.170447513417423526e-17 2.591362285864216625e-05 5.966832169977920693e-05 nan nan nan nan
5.248074602496767578e+11 3.753017966167500608e-01 9.800247857043385968e-01 -2.152779104937177834e+00 1.123151897594010804e-03 4.338896803329503876e-17 2.277085411640798185e-05 5.243182924318312631e-05 nan nan nan nan
5.495408738575236816e+11 3.728648903268040327e-01 9.865391492823208930e-01 -2.149711961692197359e+00 1.028276121795673433e-03 3.635967460803659648e-17 1.998112735727564573e-05 4.600824599407841661e-05 nan nan nan nan
5.754399373370507812e+11 3.704350499022331933e-01 9.930771535211242451e-01 -2.146651702098917980e+00 9.399561336182202589e-04 3.042132180858886258e-17 1.750564351524463088e-05 4.030823380147017599e-05 nan nan nan nan
6.025595860742459717e+11 3.680124809325627799e-01 9.996384258107100518e-01 -2.143637052331007098e+00 8.578697594709710659e-04 2.541109587483296315e-17 1.531169941203232814e-05 3.525649081455133738e-05 nan nan nan nan
6.309573444800755615e+11 3.655972270018991166e-01 1.006223024217834716e+00 -2.140545856440096539e+00 7.816955225873676964e-04 2.119358869091875856e-17 1.337225044042506111e-05 3.079074452390581244e-05 nan nan nan nan
6.606934480074721680e+11 3.631890948616983694e-01 1.012831657866285040e+00 -2.137412523682316934e+00 7.111129179549552847e-04 1.764760944653208249e-17 1.165965993431851919e-05 2.684735915414175909e-05 nan nan nan nan
6.918309709188061523e+11 3.607882414817381034e-01 1.019464081452958526e+00 -2.134338533994238674e+00 6.458206196519225128e-04 1.466912334249710873e-17 1.014855384456749808e-05 2.336790879794853541e-05 nan nan nan nan
7.244359600748527832e+11 3.583947910852474661e-01 1.026120131789301171e+00 -2.131226409379351150e+00 5.855238983074630404e-04 1.217293782122182979e-17 8.818513897448322097e-06 2.030537864262533038e-05 nan nan nan nan
7.585775750290393066e+11 3.560085545293449893e-01 1.032800518842000415e+00 -2.128023439517563453e+00 5.299290999234386110e-04 1.008478739320052357e-17 7.650093565417479758e-06 1.761499140373996053e-05 nan nan nan nan
7.943282347241293945e+11 3.536295966955005921e-01 1.039505250659450875e+00 -2.124885408527052100e+00 4.787584640405942796e-04 8.339222428277151762e-18 6.624079830425257681e-06 1.525250747233972636e-05 nan nan nan nan
8.317637711025109863e+11 3.512581020442694935e-01 1.046233992282000091e+00 -2.121746155450338289e+00 4.317455108312046280e-04 6.883226451773899003e-18 5.725218390880014557e-06 1.318280252097568036e-05 nan nan nan nan
8.709635899559122314e+11 3.488939405801733118e-01 1.052987298150958928e+00 -2.118489286543587369e+00 3.886267817536742620e-04 5.671585565696992616e-18 4.939744525041585880e-06 1.137418210655970876e-05 nan nan nan nan
9.120108393557324219e+11 3.465370616190637243e-01 1.059765506132407831e+00 -2.115278886643151335e+00 3.491507397896896343e-04 4.664053523668085950e-18 4.253667368920592498e-06 9.794431074231760545e-06 nan nan nan nan
9.549925860212493896e+11 3.441876821681935650e-01 1.066568182689357602e+00 -2.112098751348666870e+00 3.130799827733659582e-04 3.827931305318599828e-18 3.655646016377906550e-06 8.417436022574836040e-06 nan nan nan nan
9.999999999998037109e+11 3.418457617812603044e-01 1.073395632589314808e+00 -2.108806190309764794e+00 2.801825301463601561e-04 3.135865170339085545e-18 3.135865170338470114e-06 7.220596394860595850e-06 nan nan nan nan
1.047128548050692871e+12 3.395111499719627446e-01 1.080248490189951172e+00 -2.105516436994609553e+00 2.502353641651454321e-04 2.563688277964759364e-18 2.684511184159819661e-06 6.181315434622194284e-06 nan nan nan nan
1.096478196142967529e+12 3.371840546478280243e-01 1.087126341493795945e+00 -2.102280494063393235e+00 2.230302170270347280e-04 2.091455055749247389e-18 2.293234866842024412e-06 5.280368419124630929e-06 nan nan nan nan
1.148153621496654053e+12 3.348645305364351676e-01 1.094029215401726596e+00 -2.098963973822113971e+00 1.983664078716542074e-04 1.702763970550016034e-18 1.955034619341022906e-06 4.501633570781928126e-06 nan nan nan nan
1.202264434617172119e+12 3.325523748699913962e-01 1.100957912884960477e+00 -2.095594235734091093e+00 1.760506967744753805e-04 1.383391928517870728e-18 1.663202914793497288e-06 3.829666238227753262e-06 nan nan nan nan
1.258925411793913818e+12 3.302477403235803965e-01 1.107912177923836783e+00 -2.092293200259711217e+00 1.559034384938769657e-04 1.121361006351403445e-18 1.411709866690578097e-06 3.250582094674336806e-06 nan nan nan nan
1.318256738556140625e+12 3.279507623819440387e-01 1.114891796555525838e+00 -2.088955204067250548e+00 1.377540795328777840e-04 9.069604902034032492e-19 1.195606777814816848e-06 2.752986343679041597e-06 nan nan nan nan
1.380384264602604248e+12 3.256612496916262978e-01 1.121897549241320124e+00 -2.085510666166439542e+00 1.214390685440854337e-04 7.319497038329798969e-19 1.010371853651581960e-06 2.326467168598894219e-06 nan nan nan nan
1.445439770745632324e+12 3.233792556679921382e-01 1.128929478398666086e+00 -2.082139290846940938e+00 1.068063382763771317e-04 5.892749409064450838e-19 8.517614354899579656e-07 1.961253184146386959e-06 nan nan nan nan
1.513561248435897705e+12 3.211049751499577831e-01 1.135987183923992117e+00 -2.078771677470404367e+00 9.371364751461025108e-05 4.732757919264351566e-19 7.163318984826633142e-07 1.649415151082304757e-06 nan nan nan nan
1.584893192460786865e+12 3.188382828017372606e-01 1.143071255204897829e+00 -2.075271323865917061e+00 8.202571876397676462e-05 3.792351096618060673e-19 6.010471436451164504e-07 1.383962193143896049e-06 nan nan nan nan
1.659586907437216797e+12 3.165791123258737128e-01 1.150182108677323622e+00 -2.071819684915202409e+00 7.161656629786793322e-05 3.031028470870691737e-19 5.030255166326447908e-07 1.158259055993956328e-06 nan nan nan nan
1.737800828749013916e+12 3.143276880597236644e-01 1.157319244691137339e+00 -2.068406694852531036e+00 6.236991086099876683e-05 2.416271045342752914e-19 4.198997825078882059e-07 9.668549797541054533e-07 nan nan nan nan
1.819700858609603027e+12 3.120839788916795476e-01 1.164482964276189358e+00 -2.064870472135392987e+00 5.417634825187101649e-05 1.921434862281771486e-19 3.496436668656564060e-07 8.050842951846366879e-07 nan nan nan nan
1.905460717962846924e+12 3.098478195001684865e-01 1.171674006874339868e+00 -2.061331822513865486e+00 4.693400507824535485e-05 1.523855820635187584e-19 2.903647406059387860e-07 6.685895232503175558e-07 nan nan nan nan
1.995262314968458496e+12 3.076194196111584067e-01 1.178891910667364096e+00 -2.057856871990237035e+00 4.054981043534996093e-05 1.205174351660424306e-19 2.404638966834589424e-07 5.536885839065929939e-07 nan nan nan nan
2.089296130853596436e+12 3.053988453620827825e-01 1.186136666944493934e+00 -2.054297275023605707e+00 3.493727524791115477e-05 9.505781761833499309e-20 1.986039305573741296e-07 4.573024499114343331e-07 nan nan nan nan
2.187761623949086426e+12 3.031858843069898946e-01 1.193409182013404068e+00 -2.050671015275564724e+00 3.001614988454527128e-05 7.476802238451689580e-20 1.635746100714123373e-07 3.766444587427477741e-07 nan nan nan nan
2.290867652767282715e+12 3.009806838220083214e-01 1.200709189641268271e+00 -2.047124779292031072e+00 2.571362186183633679e-05 5.863318065485130098e-20 1.343208569410592517e-07 3.092852028706688702e-07 nan nan nan nan
2.398832919018974609e+12 2.987833909387909714e-01 1.208036413149314203e+00 -2.043543500884594799e+00 2.196291865010945436e-05 4.584578812526490100e-20 1.099763857532546460e-07 2.532299864168069145e-07 nan nan nan nan
2.511886431509037598e+12 2.965938122826830003e-01 1.215391711658151852e+00 -2.039837226284784144e+00 1.870252742962689793e-05 3.574286261818829341e-20 8.978201163391877255e-08 2.067307216072793654e-07 nan nan nan nan
2.630267991894811523e+12 2.944119885025845429e-01 1.222775171140682238e+00 -2.036213615724196568e+00 1.587688485022288346e-05 2.777731405714114025e-20 7.306178006530815140e-08 1.682309656459880872e-07 nan nan nan nan
2.754228703337566406e+12 2.922381250310681633e-01 1.230186312368866552e+00 -2.032600132875971966e+00 1.343572829976640411e-05 2.151847073054231811e-20 5.926678973798894267e-08 1.364668265603058404e-07 nan nan nan nan
2.884031503125974609e+12 2.900721014708103063e-01 1.237625761142465253e+00 -2.028836584004904964e+00 1.133320641260453434e-05 1.661840275960259767e-20 4.792799709032952559e-08 1.103582916372547672e-07 nan nan nan nan
3.019951720401352051e+12 2.879138347808065101e-01 1.245094028399755137e+00 -2.025123838919382191e+00 9.528069251664482778e-06 1.279082399885854286e-20 3.862767094070376082e-08 8.894349928514376980e-08 nan nan nan nan
3.162277660167680664e+12 2.857635564497226222e-01 1.252590535788712378e+00 -2.021460078550151529e+00 7.983486775979946687e-06 9.811046317360739920e-21 3.102525259226026225e-08 7.143828412531335505e-08 nan nan nan nan
3.311311214825176270e+12 2.836212450426663922e-01 1.260115575131809829e+00 -2.017661109064510239e+00 6.666248770034932808e-06 7.500444852450569837e-21 2.483630715609733622e-08 5.718771062265106989e-08 nan nan nan nan
3.467368504524543945e+12 2.814867196098772006e-01 1.267670009744838344e+00 -2.013852953573604498e+00 5.546642993148706765e-06 5.713681918052972823e-21 1.981144072752826411e-08 4.561752808994169754e-08 nan nan nan nan
3.630780547700200684e+12 2.793601911393152060e-01 1.275253322126826738e+00 -2.010120567016837612e+00 4.598443941755753220e-06 4.336480171018890466e-21 1.574480785042302562e-08 3.625375984843968454e-08 nan nan nan nan
3.801893963204757324e+12 2.772417374517494038e-01 1.282865454992859755e+00 -2.006299494618986046e+00 3.798308753337475296e-06 3.279366399409911059e-21 1.246780331705306257e-08 2.870817806022810090e-08 nan nan nan nan
3.981071705534073730e+12 2.751311361359128349e-01 1.290507436300485589e+00 -2.002395340471097462e+00 3.125518947366372445e-06 2.470727063912347189e-21 9.836141606238721916e-09 2.264855303510379121e-08 nan nan nan nan
4.168693834702408691e+12 2.730285281292048616e-01 1.298178990615003858e+00 -1.998584967392784018e+00 2.561967193722977448e-06 1.854094383029827693e-21 7.729151823492809192e-09 1.779702977026228793e-08 nan nan nan nan
4.365158322400665527e+12 2.709340723265258322e-01 1.305879763246607483e+00 -1.994742494510288067e+00 2.091759992560662710e-06 1.385904625245032333e-21 6.049693108941928485e-09 1.392993316983848839e-08 nan nan nan nan
4.570881896147705078e+12 2.688475734209292978e-01 1.313610701540181225e+00 -1.990753148532223848e+00 1.700937820428642574e-06 1.031881932947331576e-21 4.716610446270858091e-09 1.086039690304327202e-08 nan nan nan nan
4.786300923225284180e+12 2.667690578381996525e-01 1.321371946785494300e+00 -1.986857534937184866e+00 1.377408444281300559e-06 7.650281706170719762e-22 3.661655039317841705e-09 8.431272309219790151e-09 nan nan nan nan
5.011872336271566406e+12 2.646987418351142152e-01 1.329162922933350144e+00 -1.982980207159408703e+00 1.110712885034482560e-06 5.647748938026301284e-22 2.830579666470113793e-09 6.517650544546142103e-09 nan nan nan nan
5.248074602496509766e+12 2.626365101894195253e-01 1.336984293306946237e+00 -1.978932807604354416e+00 8.917783980184135113e-07 4.151981767526698256e-22 2.178991006418543168e-09 5.017312209147431185e-09 nan nan nan nan
5.495408738574966797e+12 2.605822618431177795e-01 1.344836683211567463e+00 -1.974938088615181275e+00 7.128176176476029949e-07 3.038594091584700179e-22 1.669831652387682399e-09 3.844929470597492610e-09 nan nan nan nan
5.754399373370224609e+12 2.585362352471655689e-01 1.352719419819864877e+00 -1.971005173109699360e+00 5.671937783485017852e-07 2.213547354346752076e-22 1.273763550877826864e-09 2.932948964250447114e-09 nan nan nan nan
6.025595860742164062e+12 2.564984189812031801e-01 1.360632778206281257e+00 -1.966923753354640425e+00 4.492297776354464910e-07 1.605258874963759239e-22 9.672641232401251662e-10 2.227207951160667961e-09 nan nan nan nan
6.309573444800446289e+12 2.544686155193889854e-01 1.368577768790808502e+00 -1.962824348795604745e+00 3.541042982592166471e-07 1.158584405509594517e-22 7.310173398563248947e-10 1.683229629473335958e-09 nan nan nan nan
6.606934480074397461e+12 2.524470364749784590e-01 1.376553808803439916e+00 -1.958815620620618869e+00 2.777667384904767616e-07 8.320550307779539726e-23 5.497333072166228349e-10 1.265807718319311862e-09 nan nan nan nan
6.918309709187721680e+12 2.504337716556080395e-01 1.384560778021340477e+00 -1.954714322687512551e+00 2.168051218771558513e-07 5.946325861403328193e-23 4.113852394094069037e-10 9.472495197418871235e-10 nan nan nan nan
7.244359600748172852e+12 2.484285882970798665e-01 1.392599845782330537e+00 -1.950509761837847078e+00 1.683581475277917964e-07 4.228211560766830163e-23 3.063068501423560038e-10 7.052975870197500937e-10 nan nan nan nan
7.585775750290020508e+12 2.464316196266744252e-01 1.400670729148943527e+00 -1.946415801439575599e+00 1.300550272348786638e-07 2.990477646164944414e-23 2.268509281006241594e-10 5.223435653763613229e-10 nan nan nan nan
7.943282347240904297e+12 2.444430367877677979e-01 1.408772975584025478e+00 -1.942294091980446336e+00 9.993165237099245622e-08 2.103837375352989758e-23 1.671137428510703967e-10 3.847936131233150081e-10 nan nan nan nan
8.317637711024701172e+12 2.424626425689792586e-01 1.416907631733654860e+00 -1.937999394467799785e+00 7.636491153630514814e-08 1.472186343864631147e-23 1.224511265138403491e-10 2.819541385310967831e-10 nan nan nan nan
8.709635899558694336e+12 2.404904475590361468e-01 1.425074909314391958e+00 -1.933811408719338765e+00 5.802850635326092496e-08 1.024282117385968513e-23 8.921124300860824403e-11 2.054164782790906313e-10 nan nan nan nan
9.120108393556876953e+12 2.385266791177751700e-01 1.433274112780806187e+00 -1.929652257474285149e+00 4.384292978421970178e-08 7.085469499765063071e-24 6.462024985709859840e-11 1.487936240265058481e-10 nan nan nan nan
9.549925860212025391e+12 2.365712274139562254e-01 1.441505943395932077e+00 -1.925299715002970480e+00 3.293064764023839846e-08 4.873397133543332457e-24 4.654058131270862636e-11 1.071636487499201409e-10 nan nan nan nan
9.999999999997544922e+12 2.346239719148471292e-01 1.449771165907772330e+00 -1.921001459352869922e+00 2.458511461217068050e-08 3.331480396164701091e-24 3.331480396163883353e-11 7.671017097808856825e-11 nan nan nan nan
1.047128548050641602e+13 2.326851578264600151e-01 1.458068993147011438e+00 -1.916780979864347589e+00 1.824174263440133938e-08 2.263219981597138265e-24 2.369882253249011159e-11 5.456855548482313095e-11 nan nan nan nan
1.096478196142913867e+13 2.307547840918728610e-01 1.466399673021581584e+00 -1.912397221873755493e+00 1.344980803012143096e-08 1.528025357622000019e-24 1.675446487786001581e-11 3.857858106885278143e-11 nan nan nan nan
1.148153621496597656e+13 2.288326355141833413e-01 1.474764391911473460e+00 -1.907983983108475279e+00 9.852306487013866146e-09 1.024969846950842750e-24 1.176822841701423613e-11 2.709734732396589975e-11 nan nan nan nan
1.202264434617113086e+13 2.269189236100669083e-01 1.483162490012603918e+00 -1.903680010527526889e+00 7.169284732352096818e-09 6.829003405026134523e-25 8.210267917742084990e-12 1.890484051688019069e-11 nan nan nan nan
1.258925411793852148e+13 2.250137505287286843e-01 1.491593765184052067e+00 -1.899279923610018184e+00 5.181615253964629812e-09 4.519456574815068932e-25 5.689658729533492880e-12 1.310092337484726341e-11 nan nan nan nan
1.318256738556075781e+13 2.231168726332871943e-01 1.500059552284588760e+00 -1.894751604847421778e+00 3.718890126541999705e-09 2.970416905496597770e-25 3.915772101991775775e-12 9.016398469608222863e-12 nan nan nan nan
1.380384264602536523e+13 2.212284139816259043e-01 1.508559563778622215e+00 -1.890354575415801985e+00 2.650041957575728556e-09 1.938122147284033360e-25 2.675353314988559341e-12 6.160228661584860695e-12 nan nan nan nan
1.445439770745561523e+13 2.193485584066751926e-01 1.517093223506052579e+00 -1.885936004560569756e+00 1.874646224892976446e-09 1.255375440104720365e-25 1.814569588344575413e-12 4.178200884322561994e-12 nan nan nan nan
1.513561248435823438e+13 2.174771067366950972e-01 1.525661690376251212e+00 -1.881313066809752854e+00 1.316183432857658873e-09 8.071776956675341623e-26 1.221712880764104191e-12 2.813097867166238701e-12 nan nan nan nan
1.584893192460708984e+13 2.156140518756496094e-01 1.534265266395582250e+00 -1.876812091197171739e+00 9.169796955113341628e-10 5.149396178538338153e-26 8.161242948648601505e-13 1.879195635386104216e-12 nan nan nan nan
1.659586907437135352e+13 2.137596325683428777e-01 1.542903107533430074e+00 -1.872353678125660670e+00 6.338462012694706394e-10 3.259124620303058173e-26 5.408800549560980201e-13 1.245422351639711588e-12 nan nan nan nan
1.737800828748928516e+13 2.119137445529532260e-01 1.551575952418533300e+00 -1.867674445519577064e+00 4.346026999973917040e-10 2.046481844914633125e-26 3.556377846112285462e-13 8.188862613512421409e-13 nan nan nan nan
1.819700858609513672e+13 2.100762461175465223e-01 1.560284737410860378e+00 -1.863050727608668744e+00 2.955165255147354263e-10 1.274286339812067646e-26 2.318819946670394249e-13 5.339280242540497946e-13 nan nan nan nan
1.905460717962753516e+13 2.082473889847702986e-01 1.569028535902042831e+00 -1.858524740265091957e+00 1.992423468582975175e-10 7.866695121633066314e-27 1.498967853446103291e-13 3.451501034222281049e-13 nan nan nan nan
1.995262314968360547e+13 2.064271828032235856e-01 1.577807554418342750e+00 -1.853819009838136633e+00 1.331673976500946145e-10 4.814988803857179496e-27 9.607165707330813649e-14 2.212131654362353125e-13 nan nan nan nan
2.089296130853493750e+13 2.046153934073214886e-01 1.586623191699817470e+00 -1.849068726550446851e+00 8.820827342987385085e-11 2.920807128449369235e-27 6.102431032438570863e-14 1.405136672631731881e-13 nan nan nan nan
2.187761623948979297e+13 2.028122313643208607e-01 1.595474696636489886e+00 -1.844451039028837336e+00 5.789417810822699429e-11 1.755364907036044902e-27 3.840319979640226786e-14 8.842663537446784306e-14 nan nan nan nan
2.290867652767170312e+13 2.010178115677594413e-01 1.604361760084145327e+00 -1.839734332046564891e+00 3.764287568585196216e-11 1.045163904664662222e-27 2.394332181036105216e-14 5.513153587729656939e-14 nan nan nan nan
2.398832919018857031e+13 1.992318788558327669e-01 1.613285912218949347e+00 -1.834858271354027792e+00 2.423925456759647700e-11 6.163709809745592383e-28 1.478570999489718244e-14 3.404535542358332565e-14 nan nan nan nan
2.511886431508914453e+13 1.974545464463745015e-01 1.622246865703606211e+00 -1.830139079012712111e+00 1.545415960803401697e-11 3.598518953156360913e-28 9.039070931961125764e-15 2.081322998244948646e-14 nan nan nan nan
2.630267991894682031e+13 1.956860113783961408e-01 1.631243887061355924e+00 -1.825407010463543811e+00 9.753711195875372456e-12 2.079703698171558791e-28 5.470178069925649491e-15 1.259555047983374208e-14 nan nan nan nan
2.754228703337430859e+13 1.939260723826468358e-01 1.640278262737047577e+00 -1.820432623895694935e+00 6.091911813134968431e-12 1.189653612943412290e-28 3.276578127797824207e-15 7.544599953097609442e-15 nan nan nan nan
2.884031503125833203e+13 1.921747025799458441e-01 1.649350411400300587e+00 -1.815598145280873155e+00 3.764197521633396556e-12 6.731558908865068862e-29 1.941402795831421767e-15 4.470245137178394920e-15 nan nan nan nan
3.019951720401203906e+13 1.904321524256804843e-01 1.658459303099495630e+00 -1.810824198631635573e+00 2.300554863254735976e-12 3.767235980283623072e-29 1.137687077981484298e-15 2.619621306252120180e-15 nan nan nan nan
3.162277660167525781e+13 1.886983234204315796e-01 1.667605711541477742e+00 -1.805796945060538228e+00 1.390258374113248698e-12 2.085056678707892025e-29 6.593528155261065640e-16 1.518215964054066025e-15 nan nan nan nan
3.311311214825013672e+13 1.869730507101159400e-01 1.676790786362596375e+00 -1.800825791951059074e+00 8.304405936549346960e-13 1.140604332338923061e-29 3.776895917351872772e-16 8.696624237084493870e-16 nan nan nan nan
3.467368504524373438e+13 1.852565922964128919e-01 1.686013429493556703e+00 -1.795977504342724407e+00 4.901961268503465414e-13 6.165220931559337470e-30 2.137709288152326350e-16 4.922257540054459689e-16 nan nan nan nan
3.630780547700022656e+13 1.835489689214041820e-01 1.695273786481363176e+00 -1.790931057337313836e+00 2.858540034175944191e-13 3.292604080181512471e-30 1.195472284560076097e-16 2.752676661515567265e-16 nan nan nan nan
3.801893963204570312e+13 1.818499259600504236e-01 1.704573514697693692e+00 -1.785820200196296836e+00 1.646089136300379917e-13 1.736522918560483114e-30 6.602076001041482237e-17 1.520184178281185999e-16 nan nan nan nan
3.981071705533878125e+13 1.801596720500634463e-01 1.713911754358492745e+00 -1.780871468004005864e+00 9.357898307296418485e-14 9.040073974899136114e-31 3.598918271740413012e-17 8.286815563413369322e-17 nan nan nan nan
4.168693834702203906e+13 1.784783353219866753e-01 1.723288055873640756e+00 -1.775821856368473339e+00 5.250335953936729070e-14 4.644894801201264173e-31 1.936314432060802781e-17 4.458528746612437012e-17 nan nan nan nan
4.365158322400451562e+13 1.768056483114623378e-01 1.732704181825881040e+00 -1.770573780368955852e+00 2.905918963864014149e-14 2.354670471434830223e-31 1.027850940489434420e-17 2.366714253390882034e-17 nan nan nan nan
4.570881896147480469e+13 1.751417114917176165e-01 1.742159852800841513e+00 -1.765514411586855958e+00 1.586064313479581433e-14 1.176930954401591897e-31 5.379612392489812196e-18 1.238701530103307548e-17 nan nan nan nan
4.786300923225049219e+13 1.734867357450540493e-01 1.751654133554905179e+00 -1.760454086378403948e+00 8.534286137938620455e-15 5.799278764470677177e-32 2.775709330442542652e-18 6.391306926761483034e-18 nan nan nan nan
5.011872336271320312e+13 1.718405175287760489e-01 1.761188455976367528e+00 -1.755105281829453689e+00 4.525008785859349535e-15 2.816412210955689665e-32 1.411549844762556745e-18 3.250213630568322939e-18 nan nan nan nan
5.248074602496252344e+13 1.702030078332942009e-01 1.770763390652988045e+00 -1.749917476801030825e+00 2.363153566830586343e-15 1.347022331605011250e-32 7.069273687491544829e-19 1.627760421111308069e-18 nan nan nan nan
5.495408738574697656e+13 1.685744692111575682e-01 1.780377673047109477e+00 -1.744813909064133473e+00 1.215202660777605260e-15 6.343091808719475564e-33 3.485788215521859258e-19 8.026323982394949803e-19 nan nan nan nan
5.754399373369942188e+13 1.669548091594171280e-01 1.790032107021031882e+00 -1.739418223503886196e+00 6.150177953754828867e-16 2.940376032856538627e-33 1.692009800094166276e-19 3.895996542896663076e-19 nan nan nan nan
6.025595860741867969e+13 1.653438374399028021e-01 1.799728110040810680e+00 -1.734078127990480667e+00 3.061825155564475615e-16 1.340699532066272747e-33 8.078513550917092808e-20 1.860146487589209507e-19 nan nan nan nan
6.309573444800135938e+13 1.637418181098788117e-01 1.809464371456303011e+00 -1.728892908765709890e+00 1.498915859228151979e-16 6.010402600305241902e-34 3.792307663944363976e-20 8.732111095045366237e-20 nan nan nan nan
6.606934480074072656e+13 1.621487834706332176e-01 1.819240948750736164e+00 -1.723488830149149775e+00 7.212429282023078032e-17 2.648807239835429161e-34 1.750049588393853155e-20 4.029638094236051880e-20 nan nan nan nan
6.918309709187382031e+13 1.605644567456045169e-01 1.829059817370539243e+00 -1.717993955042694143e+00 3.408996699987120494e-17 1.146729067703773639e-34 7.933426842902412196e-21 1.826739038482591042e-20 nan nan nan nan
7.244359600747817188e+13 1.589890435349735343e-01 1.838919987721283178e+00 -1.712699033485270750e+00 1.582106170501012350e-17 4.873712282143837505e-35 3.530692436243126571e-21 8.129719771640253416e-21 nan nan nan nan
7.585775750289648438e+13 1.574226858397139162e-01 1.848820824796598039e+00 -1.707302934721218524e+00 7.206363711592298482e-18 2.033092357954791688e-35 1.542258270707266065e-21 3.551180903677326433e-21 nan nan nan nan
7.943282347240514062e+13 1.558651030000897109e-01 1.858764370180779224e+00 -1.701658795623635534e+00 3.219408160106821375e-18 8.319726471098484090e-36 6.608593641174620275e-22 1.521684920382392415e-21 nan nan nan nan
8.317637711024293750e+13 1.543163805749144246e-01 1.868750364684373722e+00 -1.696243230882609865e+00 1.409918753408411437e-18 3.336835758945684395e-36 2.775459094410099659e-22 6.390730737003449702e-22 nan nan nan nan
8.709635899558267188e+13 1.527767440809255362e-01 1.878777612256334439e+00 -1.690843081491516520e+00 6.050311752354738172e-19 1.311334917926761226e-36 1.142124967751921377e-22 2.629839925081879501e-22 nan nan nan nan
9.120108393556429688e+13 1.512459874642560764e-01 1.888847711585033950e+00 -1.685097777345753611e+00 2.542292193689335548e-19 5.047346161384422270e-37 4.603234409162689248e-23 1.059933893009526180e-22 nan nan nan nan
9.549925860211556250e+13 1.497240369113318759e-01 1.898961433236123320e+00 -1.679538182902023058e+00 1.045334827511081499e-19 1.900751907885820758e-37 1.815203979896525217e-23 4.179661624853202782e-23 nan nan nan nan
9.999999999997054688e+13 1.482111675086034142e-01 1.909117214650078997e+00 -1.674094231055406778e+00 4.204047271528019064e-20 7.000425182554279167e-38 7.000425182552216616e-24 1.611907466996485543e-23 nan nan nan nan
1.047128548050590156e+14 1.467072930315765633e-01 1.919315881152219516e+00 -1.668311419573540455e+00 1.652582755481600253e-20 2.520635565227639715e-38 2.639429459581496912e-24 6.077510927641685155e-24 nan nan nan nan
1.096478196142860000e+14 1.452121952560892770e-01 1.929559190751344744e+00 -1.662581810994684162e+00 6.344458088659480980e-21 8.863513808640256237e-39 9.718649632385198270e-25 2.237801776756222346e-24 nan nan nan nan
1.148153621496541250e+14 1.437261440550277880e-01 1.939845567476438992e+00 -1.657048200700832474e+00 2.377600990006633319e-21 3.041890424945711080e-39 3.492557507597071014e-25 8.041910853417454492e-25 nan nan nan nan
1.202264434617054062e+14 1.422491838584420965e-01 1.950174943366903557e+00 -1.651272362140935090e+00 8.691729683530394579e-22 1.018531900492337045e-39 1.224544679484853226e-25 2.819618324686995116e-25 nan nan nan nan
1.258925411793790312e+14 1.407810138082645213e-01 1.960549689462372180e+00 -1.645370286367897839e+00 3.096640302245469747e-22 3.323957994043832540e-40 4.184615186436893163e-26 9.635432548206090477e-26 nan nan nan nan
1.318256738556011094e+14 1.393218351938875221e-01 1.970968661062569627e+00 -1.639717178658316454e+00 1.074548147986688442e-22 1.056329141297419447e-40 1.392513008648408036e-26 3.206379695514113355e-26 nan nan nan nan
1.380384264602468906e+14 1.378718047221181575e-01 1.981430976856579207e+00 -1.633964922590594782e+00 3.629337311367848174e-23 3.267633594664572080e-41 4.510589996561377535e-27 1.038601728669029255e-26 nan nan nan nan
1.445439770745490625e+14 1.364306275530852708e-01 1.991939016600552614e+00 -1.627901078332793627e+00 1.191935215197578779e-23 9.830650165264540624e-42 1.420961272115909724e-27 3.271884242895949817e-27 nan nan nan nan
1.513561248435749062e+14 1.349983718909039121e-01 2.002492560683809319e+00 -1.622116027328067256e+00 3.803322287928178200e-24 2.872896263432575747e-42 4.348304455107407709e-28 1.001234101812991533e-27 nan nan nan nan
1.584893192460631250e+14 1.335752788911973299e-01 2.013090073240819677e+00 -1.616369095321756433e+00 1.178348995006007635e-24 8.151515469427096321e-43 1.291928137573253126e-28 2.974774470795733533e-28 nan nan nan nan
1.659586907437054062e+14 1.321611397651076270e-01 2.023733345115999782e+00 -1.610206537998099208e+00 3.541037330997239518e-25 2.244010770609482037e-43 3.724130895051230811e-29 8.575128283303538218e-29 nan nan nan nan
1.737800828748843125e+14 1.307558529248007417e-01 2.034423412795775654e+00 -1.604258680866465614e+00 1.031091933995592416e-25 5.984756600642955366e-44 1.040031498045743757e-29 2.394761023644395701e-29 nan nan nan nan
1.819700858609424375e+14 1.293597065815760561e-01 2.045158331947335650e+00 -1.598468334118380962e+00 2.907212845865232346e-26 1.545339519131773628e-44 2.812055649807163624e-30 6.474997419915660716e-30 nan nan nan nan
1.905460717962660000e+14 1.279726212508465188e-01 2.055938934419395459e+00 -1.592282410498725653e+00 7.929035844056496811e-27 3.860824724778196826e-45 7.356649852003851827e-31 1.693931228360092182e-30 nan nan nan nan
1.995262314968262500e+14 1.265943478317984039e-01 2.066767416147087921e+00 -1.586144212245995888e+00 2.089244370634423074e-27 9.318339347084618046e-46 1.859253133732390197e-31 4.281088549834667196e-31 nan nan nan nan
2.089296130853391250e+14 1.252251618450734849e-01 2.077641867305085377e+00 -1.580255437608562907e+00 5.314320350424159787e-28 2.170711524200751917e-46 4.535259188711498583e-32 1.044282020079136806e-31 nan nan nan nan
2.187761623948871875e+14 1.238651206281950884e-01 2.088562042261586704e+00 -1.574098039109306679e+00 1.303651063872099651e-28 4.877476629501469704e-47 1.067075619173080518e-32 2.457032413805326722e-32 nan nan nan nan
2.290867652767057812e+14 1.225138970988896431e-01 2.099530809726611214e+00 -1.567766321607972468e+00 3.079659589526814581e-29 1.055506139130883641e-47 2.418024871431986986e-33 5.567708023448137381e-33 nan nan nan nan
2.398832919018739375e+14 1.211716867777032913e-01 2.110546840082084596e+00 -1.561747552101363068e+00 6.999430893626234429e-30 2.197060516391706588e-48 5.270381091796736740e-34 1.213550093636885015e-33 nan nan nan nan
2.511886431508790938e+14 1.198386621559445336e-01 2.121608922860783508e+00 -1.555635171569669239e+00 1.529031448439106770e-30 4.395795598277246305e-49 1.104173931899868314e-34 2.542454435665259647e-34 nan nan nan nan
2.630267991894553125e+14 1.185145131262603097e-01 2.132719852266907523e+00 -1.549128738914335557e+00 3.205398347129993460e-31 8.442188682955230596e-50 2.220521867431157569e-35 5.112940550614284645e-35 nan nan nan nan
2.754228703337295938e+14 1.171992877506837644e-01 2.143879479070287086e+00 -1.542964625401323620e+00 6.440678005998433003e-32 1.553623748071082252e-50 4.279035121123846693e-36 9.852842482297741431e-36 nan nan nan nan
2.884031503125691250e+14 1.158932440798388641e-01 2.155085821277270330e+00 -1.536870369205333819e+00 1.239192912270774726e-32 2.737574165832021020e-51 7.895250136402584345e-37 1.817948526953979704e-36 nan nan nan nan
3.019951720401055625e+14 1.145961704210932824e-01 2.166340892178762356e+00 -1.530271667160825633e+00 2.279330796669027123e-33 4.613054572239460373e-52 1.393120209173851385e-37 3.207777826392457129e-37 nan nan nan nan
3.162277660167370625e+14 1.133079340584323830e-01 2.177646086405844450e+00 -1.523921678387774925e+00 4.001764477399719434e-34 7.418311988684142229e-53 2.345876227796764427e-38 5.401579632133934157e-38 nan nan nan nan
3.311311214824851250e+14 1.120288370632212538e-01 2.188998967048966460e+00 -1.517785218883024978e+00 6.699198778414396381e-35 1.137308203407084373e-53 3.765981408654181569e-39 8.671492652059836420e-39 nan nan nan nan
3.467368504524203125e+14 1.107588073237970316e-01 2.200400348850416687e+00 -1.511183743765079912e+00 1.067672060480938610e-35 1.660439849567967357e-54 5.757356838048875405e-40 1.325680403033867628e-39 nan nan nan nan
3.630780547699844375e+14 1.094975615855864337e-01 2.211852998598312414e+00 -1.504619327380846583e+00 1.616760826149795666e-36 2.303253333855070921e-55 8.362607400985807184e-41 1.925561514007160007e-40 nan nan nan nan
3.801893963204384375e+14 1.082453808906258669e-01 2.223354583766303350e+00 -1.498374446993838482e+00 2.323450264404892574e-37 3.031371742633318340e-56 1.152495392854596804e-41 2.653718711331310997e-41 nan nan nan nan
3.981071705533683125e+14 1.070023365304887258e-01 2.234904608025109152e+00 -1.491831202919713828e+00 3.164036024089427144e-38 3.781251273899971946e-57 1.505343245803637230e-42 3.466180917626726742e-42 nan nan nan nan
4.168693834701999375e+14 1.057680728604169507e-01 2.246506573904438753e+00 -1.485047646700788482e+00 4.073620122413324428e-39 4.459885086651741657e-58 1.859189546420450786e-43 4.280942134638091384e-43 nan nan nan nan
4.365158322400236875e+14 1.045427780143498436e-01 2.258158932352809511e+00 -1.478661137739175624e+00 4.951230315373463393e-40 4.964588485210280837e-59 2.167121474350804163e-44 4.989981601547439927e-44 nan nan nan nan
4.570881896147256250e+14 1.033266417182567842e-01 2.269860029833173254e+00 -1.472191986543692543e+00 5.672781261562361568e-41 5.209655300040907015e-60 2.381271909612458420e-45 5.483081201439111792e-45 nan nan nan nan
4.786300923224814375e+14 1.021193374935609466e-01 2.281613174158678259e+00 -1.465220419086979753e+00 6.111662205569075390e-42 5.142206614581139219e-61 2.461214826678245393e-46 5.667156570565252022e-46 nan nan nan nan
5.011872336271074375e+14 1.009208901279058795e-01 2.293418335114349560e+00 -1.458672034742466650e+00 6.179662439081358685e-43 4.762159950021598787e-62 2.386733771441129283e-47 5.495657603065802493e-47 nan nan nan nan
5.248074602495995000e+14 9.973157616409054904e-02 2.305272940380697744e+00 -1.452237873817980418e+00 5.855547991445255504e-44 4.132529167338765911e-63 2.168782136718450044e-48 4.993805417959677839e-48 nan nan nan nan
5.495408738574427500e+14 9.855118098518009240e-02 2.317179261841003868e+00 -1.445185911258553002e+00 5.186585110961798159e-45 3.353545041743131947e-64 1.842910072759815152e-49 4.243457261265322882e-49 nan nan nan nan
5.754399373369660000e+14 9.737953699024569365e-02 2.329139182908780192e+00 -1.438422418843265493e+00 4.283574330999090562e-46 2.536962456535990976e-65 1.459869517015305865e-50 3.361473787595860880e-50 nan nan nan nan
6.025595860741572500e+14 9.621696107751055715e-02 2.341149626274326323e+00 -1.431947808421688784e+00 3.293507027619237911e-47 1.786336514603735809e-66 1.076374190828779773e-51 2.478443166285876682e-51 nan nan nan nan
6.309573444799826250e+14 9.506338942537652381e-02 2.353211352789415844e+00 -1.424922392729947918e+00 2.351691559569534794e-48 1.168493995840516077e-67 7.372698686563358816e-53 1.697626609081757123e-52 nan nan nan nan
6.606934480073748750e+14 9.391850097920434459e-02 2.365327883642964313e+00 -1.417914791783942530e+00 1.554534970662930440e-49 7.075783463067436596e-69 4.674923773567588390e-54 1.076440979190020198e-53 nan nan nan nan
6.918309709187042500e+14 9.278258226084881710e-02 2.377496347960817769e+00 -1.411319758604784758e+00 9.495629112677433487e-51 3.958260796177446572e-70 2.738447409768886216e-55 6.305508183681994674e-55 nan nan nan nan
7.244359600747461250e+14 9.165571992145474245e-02 2.389715896153372210e+00 -1.404392969449564710e+00 5.347320757298581962e-52 2.041767772679583868e-71 1.479129996650810287e-56 3.405822680888488827e-56 nan nan nan nan
7.585775750289276250e+14 9.053752721219739119e-02 2.401990848898016395e+00 -1.397134019559440832e+00 2.765960745130817185e-53 9.675811325327245049e-73 7.339853491604175176e-58 1.690063723452807221e-57 nan nan nan nan
7.943282347240125000e+14 8.942818304537838991e-02 2.414319399889835349e+00 -1.390383450988078362e+00 1.311118759272536005e-54 4.200573877638185062e-74 3.336634433052139799e-59 7.682884706316497083e-59 nan nan nan nan
8.317637711023885000e+14 8.832789626330993238e-02 2.426699295294524550e+00 -1.383569510319939688e+00 5.682507237675264356e-56 1.667405381004026067e-75 1.386887387660323718e-60 3.193426224488115954e-60 nan nan nan nan
8.709635899557840000e+14 8.723632295273135717e-02 2.439134487176013888e+00 -1.376108613659189128e+00 2.242993569943004673e-57 6.030164702754010508e-77 5.252053897535286291e-62 1.209330101206602822e-61 nan nan nan nan
9.120108393555981250e+14 8.615346110369113963e-02 2.451625141496677429e+00 -1.369174804506646304e+00 8.037998505447373102e-59 1.979244747471874600e-78 1.805092663431983212e-63 4.156379458291402815e-63 nan nan nan nan
9.549925860211087500e+14 8.507960779546734631e-02 2.464167898493032638e+00 -1.362417137242798670e+00 2.609247851845088267e-60 5.883866181619098971e-80 5.619048580586570025e-65 1.293833749846798857e-64 nan nan nan nan
9.999999999996563750e+14 8.401454570148325640e-02 2.476765332016928944e+00 -1.354895042482034295e+00 7.641983171162446411e-62 1.578860848642837912e-81 1.578860848642295480e-66 3.635461453995678308e-66 nan nan nan nan
1.047128548050538750e+15 8.295806814730541379e-02 2.489420001888107414e+00 -1.347707509698477857e+00 2.011014687388998153e-63 3.805803305202674072e-83 3.985165289142817211e-68 9.176182187897558057e-68 nan nan nan nan
1.096478196142806125e+15 8.191050816874716201e-02 2.502127991484771385e+00 -1.340910946807360782e+00 4.743416197031128676e-65 8.220629922737344694e-85 9.013741468840619605e-70 2.075490673825466506e-69 nan nan nan nan
1.148153621496485000e+15 8.087181159676556930e-02 2.514889950780369254e+00 -1.333456716428747857e+00 9.990120654856181877e-67 1.586103409090408632e-86 1.821090373215073528e-71 4.193215546359991676e-71 nan nan nan nan
1.202264434616995000e+15 7.984161561731489831e-02 2.527710411495855514e+00 -1.325986901698412490e+00 1.868937938178094415e-68 2.718303218291724420e-88 3.268119281857057772e-73 7.525122740530468288e-73 nan nan nan nan
1.258925411793728500e+15 7.882021236987925283e-02 2.540585812853529024e+00 -1.319054692543582652e+00 3.096810325454261010e-70 4.124889861558515072e-90 5.192928667566329527e-75 1.195716013891966349e-74 nan nan nan nan
1.318256738555946500e+15 7.780770586115953735e-02 2.553514805644021113e+00 -1.311753707640495037e+00 4.528463535094459439e-72 5.524981741027830657e-92 7.283344410508502481e-77 1.677052026677838510e-76 nan nan nan nan
1.380384264602401000e+15 7.680367570517428188e-02 2.566502779229342668e+00 -1.303991310904923928e+00 5.808796632968305292e-74 6.493194504837652902e-94 8.963103521480675166e-79 2.063830855552383959e-78 nan nan nan nan
1.445439770745419500e+15 7.580828974105909002e-02 2.579547628975034534e+00 -1.296886261659436546e+00 6.511600501198573448e-76 6.666157457373279209e-96 9.635529106938501664e-81 2.218662568474682559e-80 nan nan nan nan
1.513561248435674750e+15 7.482177860646485601e-02 2.592646278539484594e+00 -1.289749981060857476e+00 6.356752751931689134e-78 5.959901623027804965e-98 9.020676141103768868e-83 2.077087441123259139e-82 nan nan nan nan
1.584893192460553500e+15 7.384378026821644680e-02 2.605803494699598932e+00 -1.281771881971630389e+00 5.369496681468644387e-80 4.612735662040811372e-100 7.310693349388506103e-85 1.683349352575268542e-84 nan nan nan nan
1.659586907436972500e+15 7.287426219590563414e-02 2.619019758604163250e+00 -1.274455514901971842e+00 3.904214878973753534e-82 3.071878538227350148e-102 5.098049403278735479e-87 1.173869255933680814e-86 nan nan nan nan
1.737800828748758000e+15 7.191354487313771082e-02 2.632290647113644688e+00 -1.267402923984461527e+00 2.435134782493849767e-84 1.754545958739248427e-104 3.049051421174850045e-89 7.020700350169519414e-89 nan nan nan nan
1.819700858609335000e+15 7.096140908505850498e-02 2.645619083722241083e+00 -1.259393771742753243e+00 1.294535992692467832e-86 8.545920148796040482e-107 1.555101823237096979e-91 3.580754276273601413e-91 nan nan nan nan
1.905460717962566250e+15 7.001760463889304675e-02 2.659008573710975210e+00 -1.251772642115243972e+00 5.824746583173481771e-89 3.522241380259306761e-109 6.711492589266358478e-94 1.545378278778472852e-93 nan nan nan nan
1.995262314968164750e+15 6.908248263327868011e-02 2.672454087824842617e+00 -1.244682004234367811e+00 2.209941463797657957e-91 1.223716295129598187e-111 2.441635007884547810e-96 5.622072371687359342e-96 nan nan nan nan
2.089296130853288750e+15 6.815600063012601517e-02 2.685956074383795134e+00 -1.236799787719769839e+00 7.027015336258141791e-94 3.564648389931818364e-114 7.447606088936953737e-99 1.714874675887791934e-98 nan nan nan nan
2.187761623948764500e+15 6.723774991312381211e-02 2.699520434518535517e+00 -1.228846176233981069e+00 1.856251691372051570e-96 8.626553318978783796e-117 1.887284229820962899e-101 4.345632533828498140e-101 nan nan nan nan
2.290867652766945500e+15 6.632802866664873342e-02 2.713142715973029695e+00 -1.221600242315381557e+00 4.055006236480532336e-99 1.725699147225806094e-119 3.953348354787102161e-104 9.102920989145317553e-104 nan nan nan nan
2.398832919018621500e+15 6.542696099202457982e-02 2.726820857885199345e+00 -1.213945455596565193e+00 7.283639116587123798e-102 2.839143245010869202e-122 6.810630277941425021e-107 1.568205575188182162e-106 nan nan nan nan
2.511886431508668000e+15 6.453409030440691863e-02 2.740561662952904154e+00 -1.205645484389503697e+00 1.064886464869837442e-104 3.803257465827392777e-125 9.553350823945869204e-110 2.199740319536014282e-109 nan nan nan nan
2.630267991894424000e+15 6.364957128128995167e-02 2.754362689566371092e+00 -1.198204096544008390e+00 1.259411166313947400e-107 4.119241955502360606e-128 1.083471026642645375e-112 2.494784234638310132e-112 nan nan nan nan
2.754228703337160500e+15 6.277365971008191936e-02 2.768219724862046149e+00 -1.190782441474923514e+00 1.198334775082878397e-110 3.589327810710762457e-131 9.885829681945911811e-116 2.276296405752672868e-115 nan nan nan nan
2.884031503125550000e+15 6.190597490780470891e-02 2.782138578783367233e+00 -1.182253034403443870e+00 9.075520607332520674e-114 2.490858993990445994e-134 7.183715808512061759e-119 1.654111693298554282e-118 nan nan nan nan
3.019951720400907500e+15 6.104644949595645909e-02 2.796120237431015898e+00 -1.174560409137959782e+00 5.422935020970043221e-117 1.363157488111208019e-137 4.116669801398822515e-122 9.478982517479688283e-122 nan nan nan nan
3.162277660167215000e+15 6.019543079324583129e-02 2.810158829992367657e+00 -1.167256320999012331e+00 2.542939514898361493e-120 5.853045877294799006e-141 1.850895622170316106e-125 4.261844668297309662e-125 nan nan nan nan
3.311311214824688500e+15 5.935269891711948687e-02 2.824257684366977994e+00 -1.158740333867180450e+00 9.259444812511361624e-124 1.952738796806984826e-144 6.466125877490237468e-129 1.488880505493206532e-128 nan nan nan nan
3.467368504524033000e+15 5.851795506715516682e-02 2.838421647611056198e+00 -1.150673434407827100e+00 2.586801094569055176e-127 4.997131888855005789e-148 1.732689772436853769e-132 3.989665640796345457e-132 nan nan nan nan
3.630780547699666000e+15 5.769157077091240093e-02 2.852644203299082193e+00 -1.143328358616891638e+00 5.512251093417654579e-131 9.750081902531099639e-152 3.540040771018846894e-136 8.151245107939144876e-136 nan nan nan nan
3.801893963204197500e+15 5.687351801031000076e-02 2.866925459012093391e+00 -1.135022394497320120e+00 8.871258867598712300e-135 1.437484071504650934e-155 5.465162013655723561e-140 1.258400058344099192e-139 nan nan nan nan
3.981071705533487500e+15 5.606333762982020769e-02 2.881273198274600489e+00 -1.126553483750759810e+00 1.062026940359796863e-138 1.576598105366785412e-159 6.276550108273413137e-144 1.445229071474052509e-143 nan nan nan nan
4.168693834701795000e+15 5.526133443917419924e-02 2.895681811403945982e+00 -1.119025649833158997e+00 9.388134858664340208e-143 1.276163621403708616e-163 5.319935420616355713e-148 1.224960399520222990e-147 nan nan nan nan
4.365158322400023000e+15 5.446765616195064358e-02 2.910148218401284126e+00 -1.111047593762125363e+00 6.072494610506902923e-147 7.560183228189013787e-168 3.300139673739834668e-152 7.598852417551577750e-152 nan nan nan nan
4.570881896147032000e+15 5.368180747749213416e-02 2.924681115546305055e+00 -1.102160123854945217e+00 2.824239563063928548e-151 3.221849632310654687e-172 1.472669415643674205e-156 3.390946643369376821e-156 nan nan nan nan
4.786300923224579000e+15 5.290392760673911371e-02 2.939277696999886391e+00 -1.094405597468790514e+00 9.346730382361100678e-156 9.764147942893890346e-177 4.673415031357440396e-161 1.076093578457794457e-160 nan nan nan nan
5.011872336270829000e+15 5.213430181804263458e-02 2.953932162639158587e+00 -1.086750008217085117e+00 2.182547226114088007e-160 2.087755023790962364e-181 1.046356164864837082e-165 2.409324107180194203e-165 nan nan nan nan
5.248074602495737000e+15 5.137253071897199264e-02 2.968651671185134955e+00 -1.077620077905414808e+00 3.530640395459847730e-165 3.094830549964979375e-186 1.624190160829912189e-170 3.739836052514557516e-170 nan nan nan nan
5.495408738574158000e+15 5.061850734013279701e-02 2.983438011851628602e+00 -1.069555746639825777e+00 3.896637983611341879e-170 3.128178248458988122e-191 1.719061808239912599e-175 3.958286093588611878e-175 nan nan nan nan
5.754399373369378000e+15 4.987261025125257208e-02 2.998283319681911419e+00 -1.062059422636671524e+00 2.910036629850989634e-175 2.138863550058651592e-196 1.230787507218010713e-180 2.833992966763493066e-180 nan nan nan nan
6.025595860741277000e+15 4.913462095986925737e-02 3.013191381456802542e+00 -1.053008319035181994e+00 1.444672864031468498e-180 9.729214506707487787e-202 5.862431465988062290e-186 1.349874730228334354e-185 nan nan nan nan
6.309573444799517000e+15 4.840418651623946966e-02 3.028168970730900078e+00 -1.044473886674801122e+00 4.667254886732960230e-186 2.879183244843151704e-207 1.816641814437405572e-191 4.182972361233225795e-191 nan nan nan nan
6.606934480073424000e+15 4.768170202271906216e-02 3.043207560076942819e+00 -1.036926855286682603e+00 9.723400054061996991e-192 5.491598830077116228e-213 3.628263366116737830e-197 8.354385140276798291e-197 nan nan nan nan
6.918309709186703000e+15 4.696715755644129131e-02 3.058306696924264934e+00 -1.028203267253257724e+00 1.285259026375709776e-197 6.649622219910674112e-219 4.600414596643165278e-203 1.059284607182276861e-202 nan nan nan nan
7.244359600747106000e+15 4.626003879046112349e-02 3.073476783647826505e+00 -1.019168687405726637e+00 1.049143439606977983e-203 4.973092410638678022e-225 3.602686975041287881e-209 8.295493323453881535e-209 nan nan nan nan
7.585775750288904000e+15 4.556065810264087884e-02 3.088710695761192060e+00 -1.011399917545802829e+00 5.225620826415013034e-210 2.267929313993645867e-231 1.720400319346234744e-215 3.961368129308836169e-215 nan nan nan nan
7.943282347239735000e+15 4.486919145715611429e-02 3.104003878832195085e+00 -1.003141979190041777e+00 1.565303746644007017e-216 6.221426565689590568e-238 4.941854781389045653e-222 1.137904115136776520e-221 nan nan nan nan
8.317637711023477000e+15 4.418510241887977502e-02 3.119367596058993719e+00 -9.935907838987476648e-01 2.733720734151108467e-223 9.956755169838022584e-245 8.281668228007270842e-229 1.906924580693195777e-228 nan nan nan nan
8.709635899557412000e+15 4.350851213016696667e-02 3.134798678877294797e+00 -9.855507329650753379e-01 2.734094262128389783e-230 9.118302279084060242e-252 7.941709287292670409e-236 1.828646141781247203e-235 nan nan nan nan
9.120108393555534000e+15 4.283974067793751284e-02 3.150289086690342799e+00 -9.777303520935081149e-01 1.545577152463502252e-237 4.719260168471540727e-259 4.304016427384960321e-243 9.910364065698100508e-243 nan nan nan nan
9.549925860210618000e+15 4.217837021796214808e-02 3.165847743417639748e+00 -9.679248513834094458e-01 4.782612260638473889e-245 1.338286524601271295e-266 1.278053708966107356e-250 2.942827418311109764e-250 nan nan nan nan
9.999999999996074000e+15 4.152424852067321259e-02 3.181477720680289334e+00 -9.594834313195229614e-01 7.881820571611454805e-253 2.019811483490804241e-274 2.019811483490011259e-258 4.650787812542289678e-258 nan nan nan nan
1.047128548050487400e+16 4.087779034806287431e-02 3.197168386698661990e+00 -9.518697315230835176e-01 6.832458048424455859e-261 1.602797724388435155e-282 1.678335253957487285e-266 3.864509736808886532e-266 nan nan nan nan
1.096478196142752400e+16 4.023878094476919520e-02 3.212924048262635779e+00 -9.422327058652958387e-01 3.022116498761928619e-269 6.496083963726162009e-291 7.122814426538323659e-275 1.640088631871007810e-274 nan nan nan nan
1.148153621496428600e+16 3.960680624988081877e-02 3.228754300493526852e+00 -9.331794839070852721e-01 6.560399910379259805e-278 1.291746356887533820e-299 1.483123257715240162e-283 3.415017504287878451e-283 nan nan nan nan
1.202264434616936200e+16 3.898228786854920219e-02 3.244647893229801738e+00 -9.254831830370054968e-01 6.891575334333458579e-287 1.242165992690658442e-308 1.493411994902619837e-292 3.438708197161272364e-292 nan nan nan nan
1.258925411793666800e+16 3.836523748374442294e-02 3.260603503257124558e+00 -9.163282304750572926e-01 3.410077930361917827e-296 5.630381981319762442e-318 7.088230954388623881e-302 1.632125493127420399e-301 nan nan nan nan
1.318256738555881800e+16 3.775507906800353725e-02 3.276635267489673708e+00 -9.066169612486566498e-01 7.562537509658630537e-306 0.000000000000000000e+00 0.000000000000000000e+00 0.000000000000000000e+00 nan nan nan nan
1.380384264602333400e+16 3.715213197385874855e-02 3.292734121205018738e+00 -8.986231244138797036e-01 7.368988959502498454e-316 0.000000000000000000e+00 0.000000000000000000e+00 0.000000000000000000e+00 nan nan nan nan
1.445439770745348600e+16 3.655660416828347692e-02 3.308893420509841032e+00 -8.901005328820760232e-01 0.000000000000000000e+00 0.000000000000000000e+00 0.000000000000000000e+00 0.000000000000000000e+00 nan nan nan nan
1.513561248435600400e+16 3.596791358442962688e-02 3.325128027281923693e+00 -8.797105072394052483e-01 0.000000000000000000e+00 0.000000000000000000e+00 0.000000000000000000e+00 0.000000000000000000e+00 nan nan nan nan
1.584893192460475600e+16 3.538615761132535287e-02 3.341434563242426492e+00 -8.713459020038502034e-01 0.000000000000000000e+00 0.000000000000000000e+00 0.000000000000000000e+00 0.000000000000000000e+00 nan nan nan nan
1.659586907436891000e+16 3.481169482807658366e-02 3.357801890378580900e+00 -8.633709104432710779e-01 0.000000000000000000e+00 0.000000000000000000e+00 0.000000000000000000e+00 0.000000000000000000e+00 nan nan nan nan
1.737800828748672600e+16 3.424408658933008470e-02 3.374241383506505709e+00 -8.526746881101838760e-01 0.000000000000000000e+00 0.000000000000000000e+00 0.000000000000000000e+00 0.000000000000000000e+00 nan nan nan nan
1.819700858609245600e+16 3.368312554693141808e-02 3.390758292639096894e+00 -8.437141043807543372e-01 0.000000000000000000e+00 0.000000000000000000e+00 0.000000000000000000e+00 0.000000000000000000e+00 nan nan nan nan
1.905460717962472800e+16 3.312926509115213247e-02 3.407338245495538320e+00 -8.359418309386285051e-01 0.000000000000000000e+00 0.000000000000000000e+00 0.000000000000000000e+00 0.000000000000000000e+00 nan nan nan nan
1.995262314968066800e+16 3.258229410653815106e-02 3.423986263721906287e+00 -8.254797233345140262e-01 0.000000000000000000e+00 0.000000000000000000e+00 0.000000000000000000e+00 0.000000000000000000e+00 nan nan nan nan
2.089296130853186400e+16 3.204172654800984538e-02 3.440716270967620449e+00 -8.156385671932251391e-01 0.000000000000000000e+00 0.000000000000000000e+00 0.000000000000000000e+00 0.000000000000000000e+00 nan nan nan nan
2.187761623948657200e+16 3.150801210758148729e-02 3.457513412871059177e+00 -8.076613652282098599e-01 0.000000000000000000e+00 0.000000000000000000e+00 0.000000000000000000e+00 0.000000000000000000e+00 nan nan nan nan
2.290867652766833200e+16 3.098118847616605429e-02 3.474375082038279938e+00 -7.978489557408322552e-01 0.000000000000000000e+00 0.000000000000000000e+00 0.000000000000000000e+00 0.000000000000000000e+00 nan nan nan nan
2.398832919018503600e+16 3.046061364248480591e-02 3.491320785871532273e+00 -7.870877928938326829e-01 0.000000000000000000e+00 0.000000000000000000e+00 0.000000000000000000e+00 0.000000000000000000e+00 nan nan nan nan
2.511886431508544400e+16 2.994662061913865719e-02 3.508338794872443600e+00 -7.787198868328752965e-01 0.000000000000000000e+00 0.000000000000000000e+00 0.000000000000000000e+00 0.000000000000000000e+00 nan nan nan nan
2.630267991894294800e+16 2.943946819663102385e-02 3.525419049257747961e+00 -7.698609764719548387e-01 0.000000000000000000e+00 0.000000000000000000e+00 0.000000000000000000e+00 0.000000000000000000e+00 nan nan nan nan
2.754228703337025600e+16 2.893854713932030032e-02 3.542580761550380153e+00 -7.583932668611172989e-01 0.000000000000000000e+00 0.000000000000000000e+00 0.000000000000000000e+00 0.000000000000000000e+00 nan nan nan nan
2.884031503125408400e+16 2.844395957343452339e-02 3.559819458230525591e+00 -7.498558585213940253e-01 0.000000000000000000e+00 0.000000000000000000e+00 0.000000000000000000e+00 0.000000000000000000e+00 nan nan nan nan
3.019951720400759200e+16 2.795615735634219071e-02 3.577117804668608958e+00 -7.422410991384310597e-01 0.000000000000000000e+00 0.000000000000000000e+00 0.000000000000000000e+00 0.000000000000000000e+00 nan nan nan nan
3.162277660167060000e+16 2.747474630288923234e-02 3.594488012478878058e+00 -7.312235316512313288e-01 0.000000000000000000e+00 0.000000000000000000e+00 0.000000000000000000e+00 0.000000000000000000e+00 nan nan nan nan
3.311311214824526400e+16 2.699953850313123113e-02 3.611935505600507135e+00 -7.229124850601437169e-01 0.000000000000000000e+00 0.000000000000000000e+00 0.000000000000000000e+00 0.000000000000000000e+00 nan nan nan nan
3.467368504523862800e+16 2.653113277851463364e-02 3.629436413722363586e+00 -7.169262963087305041e-01 0.000000000000000000e+00 0.000000000000000000e+00 0.000000000000000000e+00 0.000000000000000000e+00 nan nan nan nan
3.630780547699488000e+16 2.606944045485756409e-02 3.646991514448592042e+00 -7.080226189189774422e-01 0.000000000000000000e+00 0.000000000000000000e+00 0.000000000000000000e+00 0.000000000000000000e+00 nan nan nan nan
3.801893963204011200e+16 2.561401799200463056e-02 3.664615499549963573e+00 -7.005143492198271371e-01 0.000000000000000000e+00 0.000000000000000000e+00 0.000000000000000000e+00 0.000000000000000000e+00 nan nan nan nan
3.981071705533292000e+16 2.516547238152168353e-02 3.682282367560167469e+00 -6.964113010210222221e-01 0.000000000000000000e+00 0.000000000000000000e+00 0.000000000000000000e+00 0.000000000000000000e+00 nan nan nan nan
4.168693834701590400e+16 2.472399009609107731e-02 3.699981247763936665e+00 -6.907747188675250616e-01 0.000000000000000000e+00 0.000000000000000000e+00 0.000000000000000000e+00 0.000000000000000000e+00 nan nan nan nan
4.365158322399808800e+16 2.428895482605487530e-02 3.717733565874690616e+00 -6.842768241923868899e-01 0.000000000000000000e+00 0.000000000000000000e+00 0.000000000000000000e+00 0.000000000000000000e+00 nan nan nan nan
4.570881896146807200e+16 2.386078427264681431e-02 3.735518993085306327e+00 -6.817440849475626674e-01 0.000000000000000000e+00 0.000000000000000000e+00 0.000000000000000000e+00 0.000000000000000000e+00 nan nan nan nan
4.786300923224344000e+16 2.343982974599229802e-02 3.753318577695937019e+00 -6.792175702698042272e-01 0.000000000000000000e+00 0.000000000000000000e+00 0.000000000000000000e+00 0.000000000000000000e+00 nan nan nan nan
5.011872336270582400e+16 2.302544277135271100e-02 3.771155466999484673e+00 -6.731176166609421641e-01 0.000000000000000000e+00 0.000000000000000000e+00 0.000000000000000000e+00 0.000000000000000000e+00 nan nan nan nan
5.248074602495480000e+16 2.261766509426514637e-02 3.789024036687231423e+00 -6.710829737227379521e-01 0.000000000000000000e+00 0.000000000000000000e+00 0.000000000000000000e+00 0.000000000000000000e+00 nan nan nan nan
5.495408738573888000e+16 2.221693596333838491e-02 3.806900399718419870e+00 -6.702776806900259121e-01 0.000000000000000000e+00 0.000000000000000000e+00 0.000000000000000000e+00 0.000000000000000000e+00 nan nan nan nan
5.754399373369095200e+16 2.182273812532594878e-02 3.824802819496514683e+00 -6.642322517158457673e-01 0.000000000000000000e+00 0.000000000000000000e+00 0.000000000000000000e+00 0.000000000000000000e+00 nan nan nan nan
6.025595860740980800e+16 2.143467050899372159e-02 3.842745550685810585e+00 -6.609682953967913610e-01 0.000000000000000000e+00 0.000000000000000000e+00 0.000000000000000000e+00 0.000000000000000000e+00 nan nan nan nan
6.309573444799207200e+16 2.105321058770018988e-02 3.860702208503034694e+00 -6.600593533278718006e-01 0.000000000000000000e+00 0.000000000000000000e+00 0.000000000000000000e+00 0.000000000000000000e+00 nan nan nan nan
6.606934480073100000e+16 2.067808550913086824e-02 3.878680810555324765e+00 -6.540185310283350706e-01 0.000000000000000000e+00 0.000000000000000000e+00 0.000000000000000000e+00 0.000000000000000000e+00 nan nan nan nan
6.918309709186363200e+16 2.030854929420371560e-02 3.896713334094391801e+00 -6.482123261875591957e-01 0.000000000000000000e+00 0.000000000000000000e+00 0.000000000000000000e+00 0.000000000000000000e+00 nan nan nan nan
7.244359600746750400e+16 1.994502563845675092e-02 3.914775508167746665e+00 -6.456804740632433592e-01 0.000000000000000000e+00 0.000000000000000000e+00 0.000000000000000000e+00 0.000000000000000000e+00 nan nan nan nan
7.585775750288531200e+16 1.958752560394460412e-02 3.932862364143501654e+00 -6.397874797040201678e-01 0.000000000000000000e+00 0.000000000000000000e+00 0.000000000000000000e+00 0.000000000000000000e+00 nan nan nan nan
7.943282347239345600e+16 1.923515635107411054e-02 3.951015614343323712e+00 -6.308309462354436681e-01 0.000000000000000000e+00 0.000000000000000000e+00 0.000000000000000000e+00 0.000000000000000000e+00 nan nan nan nan
8.317637711023068800e+16 1.888816882626561874e-02 3.969219540957125592e+00 -6.260694157093829038e-01 0.000000000000000000e+00 0.000000000000000000e+00 0.000000000000000000e+00 0.000000000000000000e+00 nan nan nan nan
8.709635899556984000e+16 1.854682605040361074e-02 3.987456606972497042e+00 -6.204117666431008260e-01 0.000000000000000000e+00 0.000000000000000000e+00 0.000000000000000000e+00 0.000000000000000000e+00 nan nan nan nan
9.120108393555086400e+16 1.821032572578248909e-02 4.005766498209706761e+00 -6.084846634959681921e-01 0.000000000000000000e+00 0.000000000000000000e+00 0.000000000000000000e+00 0.000000000000000000e+00 nan nan nan nan
9.549925860210150400e+16 1.787860133355084757e-02 4.024150737489424756e+00 -6.013685235074975877e-01 0.000000000000000000e+00 0.000000000000000000e+00 0.000000000000000000e+00 0.000000000000000000e+00 nan nan nan nan
