# [1] m:            [M_sun/h] 
# [2] sigma 
# [3] ln(1/sigma) 
# [4] n_eff 
# [5] f(sigma) 
# [6] dn/dm:        [h^4/(Mpc^3*M_sun)] 
# [7] dn/dlnm:      [h^3/Mpc^3] 
# [8] dn/dlog10m:   [h^3/Mpc^3] 
# [9] n(>m):        [h^3/Mpc^3] 
# [11] rho(>m):     [M_sun*h^2/Mpc^3] 
# [11] rho(<m):     [M_sun*h^2/Mpc^3] 
# [12] Lbox(N=1):   [Mpc/h]
1.000000000000000000e+08 1.856026747161128920e+00 -6.184380454461217980e-01 -2.515308955417428827e+00 3.190930865132406979e-01 1.942345831496744156e-07 1.942345831496744069e+01 4.472416557043527519e+01 nan nan nan nan
1.047128548050898463e+08 1.849126165811015632e+00 -6.147131846963742596e-01 -2.514074617330376960e+00 3.192005418147382811e-01 1.776549745261548142e-07 1.860275955295918493e+01 4.283443683519639933e+01 nan nan nan nan
1.096478196143182814e+08 1.842233659668154333e+00 -6.109787808566862211e-01 -2.512828306178043647e+00 3.193034785253944796e-01 1.624912066811937977e-07 1.781680651909244872e+01 4.102471309562140789e+01 nan nan nan nan
1.148153621496879309e+08 1.835349362381588190e+00 -6.072348516038458266e-01 -2.511591878762228447e+00 3.194018153749497158e-01 1.486156086499708839e-07 1.706335492824270261e+01 3.928982669423813689e+01 nan nan nan nan
1.202264434617408216e+08 1.828473423333900172e+00 -6.034814238196349878e-01 -2.510348212483964225e+00 3.194954700682156590e-01 1.359240219559839797e-07 1.634166174078352540e+01 3.762806671907927836e+01 nan nan nan nan
1.258925411794161052e+08 1.821605694256415608e+00 -5.997183617267227707e-01 -2.509084975125667416e+00 3.195843632904142861e-01 1.243185722080003741e-07 1.565078097106190214e+01 3.603725495768201625e+01 nan nan nan nan
1.318256738556399345e+08 1.814746215773738625e+00 -5.959456319202660612e-01 -2.507830941456313134e+00 3.196684118830662169e-01 1.136994066172214422e-07 1.498850089430162313e+01 3.451229872554684164e+01 nan nan nan nan
1.380384264602875412e+08 1.807895190004711550e+00 -5.921632901595144105e-01 -2.506576372009171827e+00 3.197475297869835642e-01 1.039851464269444437e-07 1.435394598801800292e+01 3.305118205765194261e+01 nan nan nan nan
1.445439770745916069e+08 1.801052527999736919e+00 -5.883712317872311637e-01 -2.505298897524887991e+00 3.198216333550076840e-01 9.510314579367341644e-08 1.374658692532227278e+01 3.165268613379392093e+01 nan nan nan nan
1.513561248436194658e+08 1.794218165683773014e+00 -5.845693647622707267e-01 -2.504025475483429908e+00 3.198906372158597522e-01 8.697712863821781873e-08 1.316452114070564683e+01 3.031243013499379657e+01 nan nan nan nan
1.584893192461097836e+08 1.787392325651818492e+00 -5.807577563740966564e-01 -2.502757449549318114e+00 3.199544519915867857e-01 7.954275160781139726e-08 1.260667655328443360e+01 2.902794550379029559e+01 nan nan nan nan
1.659586907437542677e+08 1.780575004801815631e+00 -5.769363485444823914e-01 -2.501468314014403838e+00 3.200129895777825140e-01 7.274523332903819906e-08 1.207270368113609571e+01 2.779842752831831731e+01 nan nan nan nan
1.737800828749355078e+08 1.773766055522466356e+00 -5.731050011903826569e-01 -2.500174582073259710e+00 3.200661616738436632e-01 6.652766288851292162e-08 1.156118277024154750e+01 2.662060710413779319e+01 nan nan nan nan
1.819700858609960079e+08 1.766965677623756559e+00 -5.692637690536949124e-01 -2.498890403617376688e+00 3.201138759350181107e-01 6.083890474295463632e-08 1.107086071976441310e+01 2.549159885994287222e+01 nan nan nan nan
1.905460717963221073e+08 1.760173959200189486e+00 -5.654126446203175949e-01 -2.497591125212562879e+00 3.201560400142193230e-01 5.563693147008169136e-08 1.060139873842523883e+01 2.441062269998383982e+01 nan nan nan nan
1.995262314968850315e+08 1.753390716133729432e+00 -5.615514653788905575e-01 -2.496277116387093820e+00 3.201925619106295584e-01 5.087999821105784216e-08 1.015189430162062401e+01 2.337560048456284889e+01 nan nan nan nan
2.089296130854006708e+08 1.746616080090018341e+00 -5.576802474649167340e-01 -2.494974818126038496e+00 3.202233463927289248e-01 4.652755089736445259e-08 9.720983206797642495e+00 2.238339102121770807e+01 nan nan nan nan
2.187761623949516118e+08 1.739850218048366592e+00 -5.537990279398071758e-01 -2.493665271822218976e+00 3.202482972308756670e-01 4.254697737055384571e-08 9.308264430634618947e+00 2.143307091962598321e+01 nan nan nan nan
2.290867652767732441e+08 1.733092967338003332e+00 -5.499076546137120491e-01 -2.492332652455933939e+00 3.202673182253930606e-01 3.890774150018848009e-08 8.913248644503047657e+00 2.052351345898210511e+01 nan nan nan nan
2.398832919019445777e+08 1.726344354728976516e+00 -5.460060830334215742e-01 -2.491010466691205849e+00 3.202803109738837084e-01 3.557814172150294700e-08 8.534601755908044041e+00 1.965164677779467084e+01 nan nan nan nan
2.511886431509530842e+08 1.719604602335779386e+00 -5.420943820354421350e-01 -2.489688727749388431e+00 3.202871756922853197e-01 3.253260790198440956e-08 8.171821637061437826e+00 1.881631468410386887e+01 nan nan nan nan
2.630267991895327568e+08 1.712873617301156282e+00 -5.381724380452864720e-01 -2.488340752665797684e+00 3.202878119249262800e-01 2.974852297231905995e-08 7.824658778025367134e+00 1.801694266004621880e+01 nan nan nan nan
2.754228703338106871e+08 1.706151312526418939e+00 -5.342401394660489800e-01 -2.486996708466756800e+00 3.202821174965891915e-01 2.720176035834426039e-08 7.491986916027642884e+00 1.725093738975168378e+01 nan nan nan nan
2.884031503126540780e+08 1.699437928003230791e+00 -5.302975658054924768e-01 -2.485659842540461462e+00 3.202699892459108799e-01 2.487200785435508540e-08 7.173165419797082443e+00 1.651682376520513884e+01 nan nan nan nan
3.019951720401945114e+08 1.692733467461001062e+00 -5.263446586609867861e-01 -2.484299448456251724e+00 3.202513227613153490e-01 2.274221157858040690e-08 6.868038098247893686e+00 1.581424214314077581e+01 nan nan nan nan
3.162277660168301463e+08 1.686037756845730096e+00 -5.223812536620876523e-01 -2.482932715939598634e+00 3.202260114736675267e-01 2.079446893531534768e-08 6.575788456921144665e+00 1.514131247558894700e+01 nan nan nan nan
3.311311214825826287e+08 1.679351005622412130e+00 -5.184074126025786100e-01 -2.481577724672686003e+00 3.201939487122856254e-01 1.901257504722125940e-08 6.295655297658141691e+00 1.449628203901663070e+01 nan nan nan nan
3.467368504525224566e+08 1.672673317460543041e+00 -5.144231354303580028e-01 -2.480206547840943188e+00 3.201550265501413306e-01 1.738342293857516919e-08 6.027473319805687346e+00 1.387877021460390914e+01 nan nan nan nan
3.630780547700913548e+08 1.666004485430799820e+00 -5.104282360764406112e-01 -2.478817359461825465e+00 3.201091337493774946e-01 1.589396218909462396e-08 5.770748874205859025e+00 1.328764033315858306e+01 nan nan nan nan
3.801893963205503821e+08 1.659344638790742676e+00 -5.064227285068383377e-01 -2.477442093342166807e+00 3.200561595828981809e-01 1.453131042687047340e-08 5.524650138938404176e+00 1.272097705392705436e+01 nan nan nan nan
3.981071705534855127e+08 1.652693965838339274e+00 -5.024066630648211795e-01 -2.476059821076940892e+00 3.199959929723145136e-01 1.328527081115102974e-08 5.288961572664145905e+00 1.217828407463480822e+01 nan nan nan nan
4.168693834703227282e+08 1.646052290455959577e+00 -4.983798699495259887e-01 -2.474650431816937779e+00 3.199285182913607639e-01 1.214634190278081066e-08 5.063438060431983523e+00 1.165899699724936944e+01 nan nan nan nan
4.365158322401522398e+08 1.639419623758051836e+00 -4.943422912505810451e-01 -2.473252861906702016e+00 3.198536198539187470e-01 1.110446455714424122e-08 4.847274587743092056e+00 1.116126220738610364e+01 nan nan nan nan
4.570881896148602366e+08 1.632796210825559591e+00 -4.902940118503199551e-01 -2.471857108462265362e+00 3.197711835636224409e-01 1.015161013648155714e-08 4.640181098960218797e+00 1.068441182725852912e+01 nan nan nan nan
4.786300923226223588e+08 1.626181957258009625e+00 -4.862349096974644125e-01 -2.470431405218440180e+00 3.196810901382445835e-01 9.280755621239723752e-09 4.442048919817665364e+00 1.022819562512245994e+01 nan nan nan nan
5.011872336272550821e+08 1.619576750826000167e+00 -4.821648501864451153e-01 -2.469009371830007016e+00 3.195832180617459439e-01 8.484279927794138732e-09 4.252212786330392014e+00 9.791081774043036035e+00 nan nan nan nan
5.248074602497540712e+08 1.612980850428960666e+00 -4.780839270508756567e-01 -2.467596720570812696e+00 3.194774499193254735e-01 7.755773164317616035e-09 4.070287616638726291e+00 9.372183590270594777e+00 nan nan nan nan
5.495408738576046228e+08 1.606394269780765605e+00 -4.739920833903634723e-01 -2.466158012431885371e+00 3.193636636486326119e-01 7.089937357290270308e-09 3.896210370920971222e+00 8.971355919251431388e+00 nan nan nan nan
5.754399373371354342e+08 1.599816807102685035e+00 -4.698891271297966354e-01 -2.464710797397805297e+00 3.192417315942336353e-01 6.481153516591150712e-09 3.729514573459566940e+00 8.587524660952047029e+00 nan nan nan nan
6.025595860743346214e+08 1.593248681328116589e+00 -4.657751275502992616e-01 -2.463277905994488926e+00 3.191115321283030104e-01 5.924287685677311148e-09 3.569736335666998439e+00 8.219621672426020709e+00 nan nan nan nan
6.309573444801684618e+08 1.586690014798858517e+00 -4.616500946763159030e-01 -2.461827884070452388e+00 3.189729410960228106e-01 5.415258621200618152e-09 3.416797199306080390e+00 7.867466296905986312e+00 nan nan nan nan
6.606934480075694323e+08 1.580140578201906010e+00 -4.575138166264745010e-01 -2.460355992890875143e+00 3.188258253065084369e-01 4.949997943785265330e-09 3.270431209109865733e+00 7.530446149758869723e+00 nan nan nan nan
6.918309709189080000e+08 1.573600496722895592e+00 -4.533663037528655737e-01 -2.458900513103595920e+00 3.186700574517622453e-01 4.524416195024667438e-09 3.130131249045147168e+00 7.207393553166189015e+00 nan nan nan nan
7.244359600749595165e+08 1.567069982341289247e+00 -4.492076224540543783e-01 -2.457438569341137580e+00 3.185055115762900346e-01 4.135328714970879718e-09 2.995780827855477835e+00 6.898040276097384904e+00 nan nan nan nan
7.585775750291509628e+08 1.560548847661727967e+00 -4.450375848095783349e-01 -2.455944964203221836e+00 3.183320504357572966e-01 3.779787362353613041e-09 2.867261931460034496e+00 6.602114581089191248e+00 nan nan nan nan
7.943282347242463827e+08 1.554037085954464104e+00 -4.408561164962574996e-01 -2.454464584827261042e+00 3.181495393412453465e-01 3.454605146614354747e-09 2.744090407779476770e+00 6.318501666780975690e+00 nan nan nan nan
8.317637711026334763e+08 1.547534966316506999e+00 -4.366633206793441024e-01 -2.452987765001009457e+00 3.179578503043541393e-01 3.157262998073499288e-09 2.626096977640420160e+00 6.046811753471549977e+00 nan nan nan nan
8.709635899560405016e+08 1.541042395970348533e+00 -4.324590679454806130e-01 -2.451477017196849406e+00 3.177568438650108518e-01 2.885585251970742398e-09 2.513239690180643304e+00 5.786948245730923368e+00 nan nan nan nan
9.120108393558667898e+08 1.534559236100713875e+00 -4.282431972004310250e-01 -2.449969425324384886e+00 3.175463769028213368e-01 2.637170207658452492e-09 2.405127814610870995e+00 5.538011452668338386e+00 nan nan nan nan
9.549925860213899612e+08 1.528085763992461432e+00 -4.240158174365141197e-01 -2.448473750658699988e+00 3.173263183197712611e-01 2.409996698136936075e-09 2.301528979056803870e+00 5.299466318270002141e+00 nan nan nan nan
9.999999999999508858e+08 1.521622006455138232e+00 -4.197768754115147050e-01 -2.446949531305767422e+00 3.170965280426785160e-01 2.202421404144757992e-09 2.202421404144649930e+00 5.071262693674485789e+00 nan nan nan nan
1.047128548050847054e+09 1.515167734233040520e+00 -4.155261484981788156e-01 -2.445414153204429120e+00 3.168568548809921337e-01 2.012686143342954260e-09 2.107541118960766902e+00 4.852792763391052588e+00 nan nan nan nan
1.096478196143129110e+09 1.508723173938634199e+00 -4.112637129491690247e-01 -2.443895943393265213e+00 3.166071626148133089e-01 1.839166155139284087e-09 2.016605588194616772e+00 4.643405965825413872e+00 nan nan nan nan
1.148153621496823072e+09 1.502288468685648137e+00 -4.069895912834000096e-01 -2.442359916843289902e+00 3.163473114664172026e-01 1.680592026295913786e-09 1.929577821250337610e+00 4.443017126982956810e+00 nan nan nan nan
1.202264434617349148e+09 1.495863369023206602e+00 -4.027035445145273895e-01 -2.440797613328138382e+00 3.160771442036017786e-01 1.535699619230795798e-09 1.846317034456591122e+00 4.251302080480720669e+00 nan nan nan nan
1.258925411794099331e+09 1.489447993629555045e+00 -3.984055772407698592e-01 -2.439254337778548276e+00 3.157965167527593819e-01 1.403193052003509127e-09 1.766515390820136755e+00 4.067552005446997576e+00 nan nan nan nan
1.318256738556334734e+09 1.483042578780947585e+00 -3.940957739917453906e-01 -2.437705471802494195e+00 3.155052897162138881e-01 1.282078654965411326e-09 1.690108826267395559e+00 3.891619388900968701e+00 nan nan nan nan
1.380384264602807522e+09 1.476646929401842723e+00 -3.897739292060473093e-01 -2.436120012282957603e+00 3.152033030393714963e-01 1.171444206734975204e-09 1.617043149837077864e+00 3.723379451542992769e+00 nan nan nan nan
1.445439770745845318e+09 1.470261018953880727e+00 -3.854399489422435932e-01 -2.434549062347124870e+00 3.148904021427959554e-01 1.070282734608404253e-09 1.547029230545608147e+00 3.562166444680366251e+00 nan nan nan nan
1.513561248436120510e+09 1.463885139553842363e+00 -3.810939558723350773e-01 -2.432983735514100854e+00 3.145664471707595444e-01 9.778046118686499476e-10 1.479967169066510158e+00 3.407750341613144940e+00 nan nan nan nan
1.584893192461020231e+09 1.457519203816313391e+00 -3.767358150159588193e-01 -2.431380393011945085e+00 3.142312785360374394e-01 8.933371829503806631e-10 1.415844019830363232e+00 3.260101334066160650e+00 nan nan nan nan
1.659586907437461376e+09 1.451163045956442854e+00 -3.723653355812758803e-01 -2.429779351426644585e+00 3.138847301355130459e-01 8.161261543403760784e-10 1.354432280560573076e+00 3.118695578688704728e+00 nan nan nan nan
1.737800828749269724e+09 1.444816959388369959e+00 -3.679826418373074448e-01 -2.428192969917126298e+00 3.135266594284982777e-01 7.455351655095064079e-10 1.295591628484144220e+00 2.983209970355470642e+00 nan nan nan nan
1.819700858609870911e+09 1.438480986738597922e+00 -3.635876865002153902e-01 -2.426575748233765761e+00 3.131569097405859647e-01 6.810550582490841951e-10 1.239316474256454192e+00 2.853631639124850849e+00 nan nan nan nan
1.905460717963127375e+09 1.432154873014636287e+00 -3.591802142370307815e-01 -2.424944198541264306e+00 3.127753050096160337e-01 6.221378341659759741e-10 1.185459204161925628e+00 2.729620691855835002e+00 nan nan nan nan
1.995262314968752384e+09 1.425838849632383054e+00 -3.547603069331998205e-01 -2.423332789424627265e+00 3.123816964655874440e-01 5.682703600821881426e-10 1.133848434185713128e+00 2.610782502270663663e+00 nan nan nan nan
2.089296130853904009e+09 1.419533081381125106e+00 -3.503280016125732699e-01 -2.421703223189869636e+00 3.119759313803113221e-01 5.190581675130540676e-10 1.084466221073141501e+00 2.497075754498601086e+00 nan nan nan nan
2.187761623949408531e+09 1.413237302287247532e+00 -3.458830317724170822e-01 -2.420042456173239209e+00 3.115578279015705498e-01 4.741099139541277883e-10 1.037239475282796919e+00 2.388332153651134160e+00 nan nan nan nan
2.290867652767620087e+09 1.406951621797447372e+00 -3.414253936018409874e-01 -2.418403340038780325e+00 3.111272266557483235e-01 4.330161446949184827e-10 9.919826790077320711e-01 2.284124529191501551e+00 nan nan nan nan
2.398832919019328117e+09 1.400676299602613861e+00 -3.369551911246342346e-01 -2.416759839018687739e+00 3.106839785546920418e-01 3.954671796584911748e-10 9.486596889565194202e-01 2.184369658115649759e+00 nan nan nan nan
2.511886431509407520e+09 1.394411137361582620e+00 -3.324722023988782027e-01 -2.415074525154801144e+00 3.102279015425697950e-01 3.611815512851713536e-10 9.072470379847411559e-01 2.089013505326668074e+00 nan nan nan nan
2.630267991895198822e+09 1.388156087217108814e+00 -3.279763105294188907e-01 -2.413404782306518115e+00 3.097588219441058111e-01 3.298423146577467259e-10 8.675736826168958249e-01 1.997662228667612005e+00 nan nan nan nan
2.754228703337971687e+09 1.381911461979998146e+00 -3.234676581557363595e-01 -2.411742983732529488e+00 3.092765925772010815e-01 3.012023356287328636e-10 8.295801183010934610e-01 1.910178813844334966e+00 nan nan nan nan
2.884031503126399040e+09 1.375677183460598751e+00 -3.189461069439143426e-01 -2.410039098004094882e+00 3.087810362667539610e-01 2.750540340120964681e-10 7.932644991528862155e-01 1.826559010550823814e+00 nan nan nan nan
3.019951720401796818e+09 1.369453059390089100e+00 -3.144114334052665605e-01 -2.408336252139363420e+00 3.082719644179018892e-01 2.511615517603010038e-10 7.584957603373059243e-01 1.746501030851865144e+00 nan nan nan nan
3.162277660168146610e+09 1.363239396168405726e+00 -3.098637764467483402e-01 -2.406650924442655715e+00 3.077492279443118095e-01 2.293250039420967200e-10 7.251893368840646170e-01 1.669810156707484339e+00 nan nan nan nan
3.311311214825664043e+09 1.357036254286768662e+00 -3.053030969931031513e-01 -2.404932752068240198e+00 3.072126578906864136e-01 2.093868101761457790e-10 6.933448927728439459e-01 1.596485614402305631e+00 nan nan nan nan
3.467368504525054455e+09 1.350843355710160454e+00 -3.007291053350173438e-01 -2.403196530722943258e+00 3.066620542431316987e-01 1.911769581229497943e-10 6.628809633864214401e-01 1.526339824723105920e+00 nan nan nan nan
3.630780547700735569e+09 1.344660933412059833e+00 -2.961418871553114784e-01 -2.401483489789156600e+00 3.060972604724803703e-01 1.745338807293775504e-10 6.336942190669442310e-01 1.459134862340049077e+00 nan nan nan nan
3.801893963205317020e+09 1.338489173856803882e+00 -2.915414956801911650e-01 -2.399752331440067721e+00 3.055181168428706129e-01 1.593351589099714130e-10 6.057753787861801520e-01 1.394849356895879966e+00 nan nan nan nan
3.981071705534659863e+09 1.332327798812594333e+00 -2.869276370463901271e-01 -2.397984547927128673e+00 3.049244191179145136e-01 1.454601433374589480e-10 5.790872609237738278e-01 1.333397694545835011e+00 nan nan nan nan
4.168693834703022480e+09 1.326176905838013509e+00 -2.823002960157676156e-01 -2.396240992149847315e+00 3.043159969075312499e-01 1.327799721508430176e-10 5.535190512772583116e-01 1.274524716159221915e+00 nan nan nan nan
4.365158322401308060e+09 1.320036776391378730e+00 -2.776595971127313600e-01 -2.394494566751905307e+00 3.036926987880245177e-01 1.211983096915062209e-10 5.290498102108495138e-01 1.218182206442831372e+00 nan nan nan nan
4.570881896148377419e+09 1.313907213296569010e+00 -2.730053036395861943e-01 -2.392700882273254503e+00 3.030543249424961783e-01 1.106285713473800615e-10 5.056701339684985808e-01 1.164348512448166950e+00 nan nan nan nan
4.786300923225988388e+09 1.307788146238731741e+00 -2.683372722094296559e-01 -2.390923539515817264e+00 3.024006863703967429e-01 1.009714877422105782e-10 4.832799250000440749e-01 1.112793151048381946e+00 nan nan nan nan
5.011872336272304535e+09 1.301679905926586445e+00 -2.636556655781556735e-01 -2.389156679068142441e+00 3.017316369995841630e-01 9.214989528665327348e-11 4.618435109775671510e-01 1.063433983672978034e+00 nan nan nan nan
5.248074602497282982e+09 1.295582426633913542e+00 -2.589603443406089944e-01 -2.387343746416551227e+00 3.010469886193105071e-01 8.409987022918661080e-11 4.413623930231115877e-01 1.016274466783195995e+00 nan nan nan nan
5.495408738575776100e+09 1.289495490623914220e+00 -2.542510493373466018e-01 -2.385530123792744650e+00 3.003465339673639378e-01 7.674805690260870092e-11 4.217619425713067804e-01 9.711427617569018400e-01 nan nan nan nan
5.754399373371071815e+09 1.283419414024809191e+00 -2.495279332455856980e-01 -2.383736976412770048e+00 2.996301264461259661e-01 7.003187521833792161e-11 4.029913788724048263e-01 9.279219415967150386e-01 nan nan nan nan
6.025595860743050575e+09 1.277354276523972043e+00 -2.447909673321652102e-01 -2.381909302732609923e+00 2.988975936638793018e-01 6.390263895263218587e-11 3.850514767635381252e-01 8.866137904310661400e-01 nan nan nan nan
6.309573444801375389e+09 1.271299780135202839e+00 -2.400398260290674823e-01 -2.380059258682467593e+00 2.981487164856552186e-01 5.830788517447276435e-11 3.678978839193811634e-01 8.471161832568210315e-01 nan nan nan nan
6.606934480075369835e+09 1.265256156180395664e+00 -2.352745966844028702e-01 -2.378235518735515530e+00 2.973833397349401886e-01 5.319694728815554899e-11 3.514687452728668116e-01 8.092866935186247002e-01 nan nan nan nan
6.918309709188739777e+09 1.259223612285583771e+00 -2.304953503202964715e-01 -2.376394061339956565e+00 2.966013075968121915e-01 4.853191979345695869e-11 3.357588519126424309e-01 7.731133272548458280e-01 nan nan nan nan
7.244359600749238968e+09 1.253201862176917425e+00 -2.257017660323295261e-01 -2.374510044376722195e+00 2.958024003251176204e-01 4.427577800983663176e-11 3.207496575062020461e-01 7.385533799567266522e-01 nan nan nan nan
7.585775750291137695e+09 1.247190989021065732e+00 -2.208938137682558700e-01 -2.372652777261897494e+00 2.949864452964278128e-01 4.038817298507747522e-11 3.063756232287643266e-01 7.054559429033130380e-01 nan nan nan nan
7.943282347242074013e+09 1.241191294281941637e+00 -2.160716396148167073e-01 -2.370794442351295217e+00 2.941533015463080880e-01 3.683922156593452005e-11 2.926243383508271845e-01 6.737924393338605711e-01 nan nan nan nan
8.317637711025926590e+09 1.235202585859457747e+00 -2.112349937604852401e-01 -2.368883200943718847e+00 2.933027611268144708e-01 3.360238158235195033e-11 2.794924362296536402e-01 6.435551172669894404e-01 nan nan nan nan
8.709635899559976578e+09 1.229224770173702685e+00 -2.063837025303986439e-01 -2.366988735457221438e+00 2.924346283138878899e-01 3.064674845683477445e-11 2.669220205644324828e-01 6.146106655435124022e-01 nan nan nan nan
9.120108393558219910e+09 1.223258193242037439e+00 -2.015179490939822127e-01 -2.365107515867667320e+00 2.915487724282071480e-01 2.794831121035647128e-11 2.548916276553493399e-01 5.869096621681962889e-01 nan nan nan nan
9.549925860213432312e+09 1.217302804344242873e+00 -1.966375951720258364e-01 -2.363176346341658185e+00 2.906450068597548064e-01 2.548744020996558082e-11 2.434031643717939619e-01 5.604564978700722344e-01 nan nan nan nan
9.999999999999017715e+09 1.211358361546103879e+00 -1.917423427980639583e-01 -2.361242218390417147e+00 2.897231148920845212e-01 2.324146592812197107e-11 2.324146592811968948e-01 5.351545298541742213e-01 nan nan nan nan
1.047128548050795746e+10 1.205425187705700729e+00 -1.868323575724866459e-01 -2.359331668157909512e+00 2.887829676249171196e-01 2.119088037879227908e-11 2.218957580296285481e-01 5.109338646376365700e-01 nan nan nan nan
1.096478196143075180e+10 1.199503382444414123e+00 -1.819076231722642767e-01 -2.357385216000281059e+00 2.878244047700835306e-01 1.932068390911130221e-11 2.118470864091289985e-01 4.877959431598819506e-01 nan nan nan nan
1.148153621496766663e+10 1.193592630895291107e+00 -1.769677766005222086e-01 -2.355411409047437843e+00 2.868471990723459597e-01 1.761478697523443722e-11 2.022448145750949666e-01 4.656858951759585974e-01 nan nan nan nan
1.202264434617290115e+10 1.187693159754606986e+00 -1.720129045448030303e-01 -2.353467181101124517e+00 2.858512122711041048e-01 1.605738354540589140e-11 1.930522114965039226e-01 4.445191443613836779e-01 nan nan nan nan
1.258925411794037437e+10 1.181805197182992595e+00 -1.670430976038023985e-01 -2.351505963623478301e+00 2.848363106820483992e-01 1.463677868301162854e-11 1.842661263084860446e-01 4.242884355816779474e-01 nan nan nan nan
1.318256738556269836e+10 1.175928452666488822e+00 -1.620580080563212289e-01 -2.349495714343555530e+00 2.838022729919278953e-01 1.334167014364941508e-11 1.758774657046083822e-01 4.049728307250027859e-01 nan nan nan nan
1.380384264602739906e+10 1.170062992733077456e+00 -1.570575873031483660e-01 -2.347514702399822184e+00 2.827489398935358333e-01 1.215950464583071557e-11 1.678478887846863166e-01 3.864840466061412183e-01 nan nan nan nan
1.445439770745774269e+10 1.164209137384618176e+00 -1.520420044629198220e-01 -2.345534708375209387e+00 2.816762015243874928e-01 1.108105071434183308e-11 1.601699140416055767e-01 3.688048564183387112e-01 nan nan nan nan
1.513561248436046219e+10 1.158366702778098611e+00 -1.470109980874530764e-01 -2.343495946996812407e+00 2.805838593653261492e-01 1.009820687732126818e-11 1.528425460820384552e-01 3.519329681837572443e-01 nan nan nan nan
1.584893192460942268e+10 1.152535571472965925e+00 -1.419643600309895004e-01 -2.341474016061706909e+00 2.794717268520755526e-01 9.201422272484809406e-12 1.458327152061966725e-01 3.357922361046346005e-01 nan nan nan nan
1.659586907437379837e+10 1.146716102608097865e+00 -1.369022945274900316e-01 -2.339468367915761071e+00 2.783397112972882392e-01 8.383260474412160783e-12 1.391274932497169881e-01 3.203528919824281118e-01 nan nan nan nan
1.737800828749184418e+10 1.140908262334363155e+00 -1.318246665383613903e-01 -2.337408985715683674e+00 2.771876490352662703e-01 7.637717386594203302e-12 1.327283160417546126e-01 3.056182419359466662e-01 nan nan nan nan
1.819700858609781647e+10 1.135111785872529033e+00 -1.267311358391006726e-01 -2.335343770066045099e+00 2.760153311639075846e-01 6.957840242288629651e-12 1.266118786296231147e-01 2.915346243285416028e-01 nan nan nan nan
1.905460717963034058e+10 1.129327000240040624e+00 -1.216218802901898460e-01 -2.333305472584254137e+00 2.748226703990893083e-01 6.337582312147876992e-12 1.207601414265511847e-01 2.780605014766294736e-01 nan nan nan nan
1.995262314968654251e+10 1.123554025404416290e+00 -1.164968981844183987e-01 -2.331230172041804050e+00 2.736095434806248283e-01 5.772342346117293129e-12 1.151733715230558314e-01 2.651964883788532901e-01 nan nan nan nan
2.089296130853801727e+10 1.117792532438364628e+00 -1.113557872428153767e-01 -2.329121793530910978e+00 2.723757350454607540e-01 5.257221396462459611e-12 1.098389232267083793e-01 2.529134672523361549e-01 nan nan nan nan
2.187761623949301147e+10 1.112042740745768477e+00 -1.061986310122032123e-01 -2.327046511095557157e+00 2.711211483600500238e-01 4.787321695077022885e-12 1.047351868598942887e-01 2.411616799755384732e-01 nan nan nan nan
2.290867652767507553e+10 1.106304898498798872e+00 -1.010255418703109170e-01 -2.324955275634710272e+00 2.698457000934348371e-01 4.359053678915859076e-12 9.986015069705542202e-02 2.299364943791787907e-01 nan nan nan nan
2.398832919019210052e+10 1.100578714143919168e+00 -9.583614522745728670e-02 -2.322807935089893139e+00 2.685491913097373118e-01 3.968988832750518925e-12 9.520941067221574960e-02 2.192277697265922198e-01 nan nan nan nan
2.511886431509284210e+10 1.094864235538089758e+00 -9.063036977162448882e-02 -2.320692310577238349e+00 2.672315010346640873e-01 3.613252810973968279e-12 9.076080709498290933e-02 2.089844814450158850e-01 nan nan nan nan
2.630267991895069504e+10 1.089161800105953759e+00 -8.540840968753178608e-02 -2.318580096097914378e+00 2.658925817277449366e-01 3.289010071099117186e-12 8.650977915032534438e-02 1.991961278697462479e-01 nan nan nan nan
2.754228703337836456e+10 1.083471234714159737e+00 -8.016999315469713894e-02 -2.316402993351466488e+00 2.645322727278923702e-01 2.993801371695335513e-12 8.245613670015479457e-02 1.898622711916556904e-01 nan nan nan nan
2.884031503126257706e+10 1.077792397603377639e+00 -7.491487286775587451e-02 -2.314242357203106337e+00 2.631504226607703778e-01 2.724701281014777808e-12 7.858124331055089951e-02 1.809399994358125985e-01 nan nan nan nan
3.019951720401648712e+10 1.072125659252856300e+00 -6.964327523123835240e-02 -2.312101390755543662e+00 2.617470104282872967e-01 2.479421306660605608e-12 7.487732640650199278e-02 1.724114155868609333e-01 nan nan nan nan
3.162277660167991257e+10 1.066471004003849199e+00 -6.435507056515243907e-02 -2.309902960356764900e+00 2.603219282398839818e-01 2.256135007609016814e-12 7.134525332884934790e-02 1.642785167708923355e-01 nan nan nan nan
3.311311214825501251e+10 1.060828145440230630e+00 -5.904987237523014881e-02 -2.307695128808454843e+00 2.588750033137168227e-01 2.052729257549026621e-12 6.797225411522517247e-02 1.565118990629206785e-01 nan nan nan nan
3.467368504524884033e+10 1.055197412500842979e+00 -5.372787027698614631e-02 -2.305517903781774347e+00 2.574062252205454038e-01 1.867343728597018045e-12 6.474768831659363788e-02 1.490870619236132621e-01 nan nan nan nan
3.630780547700556946e+10 1.049578945739947144e+00 -4.838907968861103776e-02 -2.303302819304476667e+00 2.559155447967453867e-01 1.698575623403920189e-12 6.167155332253300426e-02 1.420039993422519131e-01 nan nan nan nan
3.801893963205130768e+10 1.043972404585555180e+00 -4.303305672179030816e-02 -2.301048091127874340e+00 2.544027906216923540e-01 1.544946104719347886e-12 5.873721269009770513e-02 1.352474303442396664e-01 nan nan nan nan
3.981071705534464264e+10 1.038377998721560225e+00 -3.765987907138550889e-02 -2.298830311591653963e+00 2.528679437079032755e-01 1.404950676277931616e-12 5.593209385001584460e-02 1.287884055189904287e-01 nan nan nan nan
4.168693834702818298e+10 1.032795995966373059e+00 -3.226968367056240461e-02 -2.296597927629322911e+00 2.513110118914582136e-01 1.277495355371148977e-12 5.325487011797194747e-02 1.226238700629762729e-01 nan nan nan nan
4.365158322401094055e+10 1.027226106319834242e+00 -2.686206866159452505e-02 -2.294301673860361213e+00 2.497318554739461627e-01 1.161548099988040159e-12 5.070341355531971655e-02 1.167489242163914226e-01 nan nan nan nan
4.570881896148153687e+10 1.021668357116071402e+00 -2.143693531843976138e-02 -2.292039623033266249e+00 2.481304288576815786e-01 1.055925177892393084e-12 4.826509279315358003e-02 1.111344831774897929e-01 nan nan nan nan
4.786300923225753784e+10 1.016123102412578083e+00 -1.599450560845839392e-02 -2.289783745355940869e+00 2.465067909456508111e-01 9.597622484166149793e-13 4.593710935673669254e-02 1.057741032200592152e-01 nan nan nan nan
5.011872336272058868e+10 1.010590181661279896e+00 -1.053449847252975295e-02 -2.287456520659272297e+00 2.448608608752929627e-01 8.723181517315829633e-13 4.371947213091492701e-02 1.006678048022133509e-01 nan nan nan nan
5.248074602497025299e+10 1.005069428371155871e+00 -5.056622081295580710e-03 -2.285144943561553621e+00 2.431925611949515564e-01 7.927065514331065565e-13 4.160183119809088281e-02 9.579175635797869404e-02 nan nan nan nan
5.495408738575506592e+10 9.995612228513818254e-01 4.388734394791574903e-04 -2.282856857487469249e+00 2.415019889656905283e-01 7.202292074178094871e-13 3.957953880221141280e-02 9.113525603355140947e-02 nan nan nan nan
5.754399373370790100e+10 9.940655685603514424e-01 5.952110154684829221e-03 -2.280507586152807242e+00 2.397891390026323788e-01 6.543346141625219967e-13 3.765302693711634202e-02 8.669929853150734611e-02 nan nan nan nan
6.025595860742755127e+10 9.885821584395673156e-01 1.148352557178125739e-02 -2.278144555282288763e+00 2.380539164238397731e-01 5.943875920476342074e-13 3.581539414319077907e-02 8.246799265381735133e-02 nan nan nan nan
6.309573444801065063e+10 9.831113213633521086e-01 1.703291869209397347e-02 -2.275816282555903403e+00 2.362964358486591976e-01 5.398213966021510768e-13 3.406042748936356085e-02 7.842703259801314664e-02 nan nan nan nan
6.606934480075045776e+10 9.776532186099285981e-01 2.260025402488875096e-02 -2.273449518336002395e+00 2.345167730861294486e-01 4.902119255228271084e-13 3.238798073280747120e-02 7.457608162754085501e-02 nan nan nan nan
6.918309709188400269e+10 9.722074999299076259e-01 2.818602001058940001e-02 -2.271035572031834704e+00 2.327148468527181213e-01 4.451174241593844713e-13 3.079460197290800894e-02 7.090719144750301517e-02 nan nan nan nan
7.244359600748883057e+10 9.667743630531872023e-01 3.379014782629939651e-02 -2.268662862484524645e+00 2.308907650272112866e-01 4.040809325691236770e-13 2.927307583336693012e-02 6.740374803999495124e-02 nan nan nan nan
7.585775750290765381e+10 9.613540952619562541e-01 3.941247246548844341e-02 -2.266277233214576192e+00 2.290446810405585287e-01 3.667721688746470924e-13 2.782251424530847450e-02 6.406370655086178478e-02 nan nan nan nan
7.943282347241683960e+10 9.559464101757227938e-01 4.505342380349412063e-02 -2.263819168787736480e+00 2.271765657186689269e-01 3.328834489446356415e-13 2.644187223690852573e-02 6.088466084355869529e-02 nan nan nan nan
8.317637711025517273e+10 9.505513128674871748e-01 5.071313337930170168e-02 -2.261397802005543411e+00 2.252864988708576655e-01 3.020577124185293937e-13 2.512406619718460937e-02 5.785030030103288645e-02 nan nan nan nan
8.709635899559548950e+10 9.451691734659369848e-01 5.639134796980611875e-02 -2.258985841979610498e+00 2.233747030864423333e-01 2.740341334616431702e-13 2.386737526502219833e-02 5.495666249413493076e-02 nan nan nan nan
9.120108393557772827e+10 9.397998454543344815e-01 6.208835675870605364e-02 -2.256495640135947944e+00 2.214412333820518497e-01 2.485914449731505979e-13 2.267180923866286141e-02 5.220376998414979347e-02 nan nan nan nan
9.549925860212962341e+10 9.344431371892842897e-01 6.780450231743542777e-02 -2.254019784387888414e+00 2.194861382146481021e-01 2.254647095339668046e-13 2.153171260143833463e-02 4.957860046270395893e-02 nan nan nan nan
9.999999999998527527e+10 9.290994375894996438e-01 7.353950866332861769e-02 -2.251571783921764602e+00 2.175096917114241746e-01 2.044433235911222529e-13 2.044433235910921368e-02 4.707481492630066766e-02 nan nan nan nan
1.047128548050744324e+11 9.237687700367729349e-01 7.929348753587958654e-02 -2.249058860014873318e+00 2.155120513706401952e-01 1.853623923224132361e-13 1.940982527357809975e-02 4.469277433256001186e-02 nan nan nan nan
1.096478196143021393e+11 9.184508076709162472e-01 8.506693300570854210e-02 -2.246526918163050279e+00 2.134932553686503531e-01 1.680335754558400916e-13 1.842451517072818054e-02 4.242401397776135452e-02 nan nan nan nan
1.148153621496710358e+11 9.131458776008958278e-01 9.085963283612967512e-02 -2.244034496920641608e+00 2.114536029756875490e-01 1.522864401937912015e-13 1.748482278133435541e-02 4.026029228994317671e-02 nan nan nan nan
1.202264434617231140e+11 9.078541620711877425e-01 9.667152773977168156e-02 -2.241503200228065928e+00 2.093933578801016326e-01 1.379941963779768614e-13 1.659055144888275241e-02 3.820115645074819571e-02 nan nan nan nan
1.258925411793975677e+11 9.025753027958873798e-01 1.025031542548742597e-01 -2.238916054641934661e+00 2.073125881184701980e-01 1.250265944587913729e-13 1.573991569142323133e-02 3.624249523605420353e-02 nan nan nan nan
1.318256738556205292e+11 8.973094834636000661e-01 1.083544558455322160e-01 -2.236374975386733244e+00 2.052115879408617782e-01 1.132468682051536086e-13 1.492884471318302146e-02 3.437493529219819849e-02 nan nan nan nan
1.380384264602672119e+11 8.920570108482100968e-01 1.142252349375468545e-01 -2.233823057251691058e+00 2.030907210971215626e-01 1.025565321878480522e-13 1.415674232643229086e-02 3.259710384620084084e-02 nan nan nan nan
1.445439770745703430e+11 8.868176038700256170e-01 1.201159504333718930e-01 -2.231189215829642691e+00 2.009501319585634271e-01 9.286497150312013983e-14 1.342307231197762546e-02 3.090776620774080344e-02 nan nan nan nan
1.513561248435971985e+11 8.815912437117348066e-01 1.260267729017156280e-01 -2.228594575000994560e+00 1.987900852729505008e-01 8.406623089246781285e-14 1.272393893809102561e-02 2.929795212301488511e-02 nan nan nan nan
1.584893192460864563e+11 8.763783161946393507e-01 1.319574134717047265e-01 -2.226013176835683005e+00 1.966110326319308876e-01 7.608264786555393640e-14 1.205828706665135544e-02 2.776523204671431377e-02 nan nan nan nan
1.659586907437298279e+11 8.711786899936838635e-01 1.379081681840329532e-01 -2.223346102503680921e+00 1.944132305058810239e-01 6.884897997220132307e-14 1.142608657522780832e-02 2.630953661937894192e-02 nan nan nan nan
1.737800828749099121e+11 8.659921477963417047e-01 1.438794376705762879e-01 -2.220691536642896757e+00 1.921969137602215494e-01 6.228736657091838998e-14 1.082430372475409047e-02 2.492388039865869528e-02 nan nan nan nan
1.819700858609692383e+11 8.608190860088363872e-01 1.498709174123864230e-01 -2.218069847916365411e+00 1.899625979104841988e-01 5.633525028610843993e-14 1.025133033156234476e-02 2.360456040481316575e-02 nan nan nan nan
1.905460717962940369e+11 8.556595485263917000e-01 1.558827056375587383e-01 -2.215379439344848045e+00 1.877106695504133227e-01 5.094397290530317388e-14 9.707173918802356610e-03 2.235159396053490108e-02 nan nan nan nan
1.995262314968556519e+11 8.505131891976592806e-01 1.619153596854397970e-01 -2.212663680638335073e+00 1.854413619819625103e-01 4.605863483727065592e-14 9.189905836970406125e-03 2.116054018622702884e-02 nan nan nan nan
2.089296130853699036e+11 8.453803316689345593e-01 1.679686562384491433e-01 -2.209992968173659644e+00 1.831552212947840375e-01 4.162885140216939286e-14 8.697499816643609535e-03 2.002673342412202365e-02 nan nan nan nan
2.187761623949194031e+11 8.402611793454879408e-01 1.740425076805588167e-01 -2.207283267871231303e+00 1.808527644037742355e-01 3.761727604606952705e-14 8.229763293109417996e-03 1.894973027758333622e-02 nan nan nan nan
2.290867652767395325e+11 8.351553671613146657e-01 1.801375029832055774e-01 -2.204507719932489174e+00 1.785342720831365748e-01 3.398613154463795429e-14 7.785772939830868343e-03 1.792740470869098532e-02 nan nan nan nan
2.398832919019092407e+11 8.300630626724729844e-01 1.862536019542994914e-01 -2.201783713575595769e+00 1.762002841254373398e-01 3.069526284054320846e-14 7.363280695983854575e-03 1.695458036610324529e-02 nan nan nan nan
2.511886431509161072e+11 8.249845922660665742e-01 1.923905688629869437e-01 -2.199051416742824117e+00 1.738514372450107315e-01 2.771577904515038792e-14 6.961888932221918860e-03 1.603034167441442712e-02 nan nan nan nan
2.630267991894940491e+11 8.199196814724815097e-01 1.985488929449993889e-01 -2.196226634784885334e+00 1.714881124206445451e-01 2.502141109849759099e-14 6.581301672442303567e-03 1.515400712346243184e-02 nan nan nan nan
2.754228703337701416e+11 8.148682859191132000e-01 2.047287911711468122e-01 -2.193443536963807450e+00 1.691108156397540530e-01 2.258137210488488465e-14 6.219426321202323540e-03 1.432075833417526846e-02 nan nan nan nan
2.884031503126116333e+11 8.098308068088302392e-01 2.109299336171446826e-01 -2.190678291599664540e+00 1.667202854908138854e-01 2.037294451531199454e-14 5.875621379360021837e-03 1.352911820019150023e-02 nan nan nan nan
3.019951720401500244e+11 8.048071289920576410e-01 2.171526215843720964e-01 -2.187819277202962098e+00 1.643170398590745318e-01 1.837720446530091937e-14 5.549827024115564812e-03 1.277894897442400680e-02 nan nan nan nan
3.162277660167836304e+11 7.997970088537278421e-01 2.233973224442195038e-01 -2.184970324783307216e+00 1.619015539095692569e-01 1.657175890243761284e-14 5.240450296686592624e-03 1.206658273372677309e-02 nan nan nan nan
3.311311214825338745e+11 7.948008493088725146e-01 2.296636997231733812e-01 -2.182160101101478844e+00 1.594746358863895208e-01 1.493839988417521511e-14 4.946569106801493483e-03 1.138989628678599084e-02 nan nan nan nan
3.467368504524713745e+11 7.898187153476110556e-01 2.359518340978429551e-01 -2.179277288892689235e+00 1.570369553453886124e-01 1.346301982855517525e-14 4.668125092932392216e-03 1.074875525121757151e-02 nan nan nan nan
3.630780547700379028e+11 7.848502418817050463e-01 2.422623540725185876e-01 -2.176361514840864153e+00 1.545889915644567403e-01 1.212995983464279394e-14 4.404122221200796293e-03 1.014086617426077953e-02 nan nan nan nan
3.801893963204943848e+11 7.798957475050580790e-01 2.485950252761956747e-01 -2.173497306034807508e+00 1.521315807736115244e-01 1.092465721578591926e-14 4.153438831877981179e-03 9.563646338944842978e-03 nan nan nan nan
3.981071705534268799e+11 7.749554571223723487e-01 2.549497259613327516e-01 -2.170594329757715713e+00 1.496655380256614043e-01 9.836327470940881398e-15 3.915912498093219139e-03 9.016721743578521783e-03 nan nan nan nan
4.168693834702613525e+11 7.700289999220001347e-01 2.613271026072478964e-01 -2.167613942730822529e+00 1.471914025220075750e-01 8.854242413970835144e-15 3.691062576208260521e-03 8.498985665285339539e-03 nan nan nan nan
4.365158322400879517e+11 7.651165252223028901e-01 2.677271362031687363e-01 -2.164691340342602910e+00 1.447099940116539363e-01 7.966905702341534710e-15 3.477680473035917649e-03 8.007655215408986463e-03 nan nan nan nan
4.570881896147929077e+11 7.602183792749809266e-01 2.741495458250317596e-01 -2.161763588433469607e+00 1.422222556623776168e-01 7.166023891025562293e-15 3.275504887085228453e-03 7.542128725031592429e-03 nan nan nan nan
4.786300923225518799e+11 7.553342952814036115e-01 2.805948525219715828e-01 -2.158731536264479889e+00 1.397288417045419728e-01 6.444138048527539237e-15 3.084358389106005380e-03 7.101997648206617372e-03 nan nan nan nan
5.011872336271812744e+11 7.504642016123493908e-01 2.870633284302170352e-01 -2.155743601142448007e+00 1.372305249626949164e-01 5.792542823461583514e-15 2.903148513357693087e-03 6.684746489605249663e-03 nan nan nan nan
5.248074602496767578e+11 7.456085145638744471e-01 2.935545959282748196e-01 -2.152779104937177834e+00 1.347283504249252584e-01 5.204749332915899835e-15 2.731491278643792889e-03 6.289491099848443234e-03 nan nan nan nan
5.495408738575236816e+11 7.407671359844016923e-01 3.000689595062566162e-01 -2.149711961692197359e+00 1.322231204482213762e-01 4.675387800274006134e-15 2.569316697385382823e-03 5.916070326580276546e-03 nan nan nan nan
5.754399373370507812e+11 7.359397950925551379e-01 3.066069637450600793e-01 -2.146651702098917980e+00 1.297155667428443737e-01 4.198194850091101998e-15 2.415808981465152831e-03 5.562605748242790624e-03 nan nan nan nan
6.025595860742459717e+11 7.311269003310918446e-01 3.131682360346459415e-01 -2.143637052331007098e+00 1.272067934521811383e-01 3.768012555118899285e-15 2.270452085535005788e-03 5.227909126510147178e-03 nan nan nan nan
6.309573444800755615e+11 7.263285382881420338e-01 3.197528344417707724e-01 -2.140545856440096539e+00 1.246977582567445342e-01 3.380847046974975440e-15 2.133170274852635648e-03 4.911806075693690363e-03 nan nan nan nan
6.606934480074721680e+11 7.215443250386590623e-01 3.263614680902211518e-01 -2.137412523682316934e+00 1.221891909349435840e-01 3.032355432958418380e-15 2.003457366585488682e-03 4.613131066748854189e-03 nan nan nan nan
6.918309709188061523e+11 7.167745724330091273e-01 3.329938916768945822e-01 -2.134338533994238674e+00 1.196822036005532330e-01 2.718453008614991463e-15 1.880709984347259242e-03 4.330494774203064341e-03 nan nan nan nan
7.244359600748527832e+11 7.120195272643017326e-01 3.396499420132372826e-01 -2.131226409379351150e+00 1.171778931727777279e-01 2.436107581154585597e-15 1.764803934399349463e-03 4.063611231405184036e-03 nan nan nan nan
7.585775750290393066e+11 7.072788137641706774e-01 3.463303290659364708e-01 -2.128023439517563453e+00 1.146770455718715276e-01 2.182355382332798831e-15 1.655485853781586388e-03 3.811897048580001422e-03 nan nan nan nan
7.943282347241293945e+11 7.025525608320161153e-01 3.530350608833869308e-01 -2.124885408527052100e+00 1.121807284631602813e-01 1.954012549303219188e-15 1.552127338916822058e-03 3.573905273018391799e-03 nan nan nan nan
8.317637711025109863e+11 6.978411349338707881e-01 3.597638025059360367e-01 -2.121746155450338289e+00 1.096901509015735521e-01 1.748766644339159020e-15 1.454560738873822510e-03 3.349249874185268767e-03 nan nan nan nan
8.709635899559122314e+11 6.931442778089528245e-01 3.665171083748948178e-01 -2.118489286543587369e+00 1.072062063123516568e-01 1.564558081999758920e-15 1.362673123793046569e-03 3.137670821469499150e-03 nan nan nan nan
9.120108393557324219e+11 6.884618887635459705e-01 3.732953163563437760e-01 -2.115278886643151335e+00 1.047298847828305596e-01 1.399011179093992671e-15 1.275913359713565188e-03 2.937899082028405228e-03 nan nan nan nan
9.549925860212493896e+11 6.837943989238983722e-01 3.800979929132936030e-01 -2.112098751348666870e+00 1.022624701942324438e-01 1.250331329228033836e-15 1.194057149482866294e-03 2.749418192582211030e-03 nan nan nan nan
9.999999999998037109e+11 6.791417279357248038e-01 3.869254428132508639e-01 -2.108806190309764794e+00 9.980498718155339510e-02 1.117039606164174867e-15 1.117039606163955628e-03 2.572078745437064284e-03 nan nan nan nan
1.047128548050692871e+12 6.745035768293201617e-01 3.937783004138871168e-01 -2.105516436994609553e+00 9.735835544601346980e-02 9.974468454992133112e-16 1.044455067085335023e-03 2.404946667772788708e-03 nan nan nan nan
1.096478196142967529e+12 6.698803586525937659e-01 4.006561517177319454e-01 -2.102280494063393235e+00 9.492387946322787540e-02 8.901440811970123701e-16 9.760235764582393409e-04 2.247377337563476359e-03 nan nan nan nan
1.148153621496654053e+12 6.652721821323070994e-01 4.075590256256625410e-01 -2.098963973822113971e+00 9.250271006595220391e-02 7.940370729526393306e-16 9.116765409131757317e-04 2.099212812739054915e-03 nan nan nan nan
1.202264434617172119e+12 6.606786444316121720e-01 4.144877231088964220e-01 -2.095594235734091093e+00 9.009573603596642000e-02 7.079649005064496632e-16 8.511610208361892376e-04 1.959870678315003834e-03 nan nan nan nan
1.258925411793913818e+12 6.561000488686474785e-01 4.214419881477727281e-01 -2.092293200259711217e+00 8.770422196358541866e-02 6.308269756745332562e-16 7.941641101217710580e-04 1.828630441357271836e-03 nan nan nan nan
1.318256738556140625e+12 6.515366646096630854e-01 4.284216067794619498e-01 -2.088955204067250548e+00 8.532941610904595797e-02 5.618012136225680564e-16 7.405982355869682003e-04 1.705290457160245571e-03 nan nan nan nan
1.380384264602604248e+12 6.469881114945651435e-01 4.354273594652561807e-01 -2.085510666166439542e+00 8.297223042973568552e-02 5.000985285666920460e-16 6.903281395843776204e-04 1.589539283481300773e-03 nan nan nan nan
1.445439770745632324e+12 6.424544956431520459e-01 4.424592886226019761e-01 -2.082139290846940938e+00 8.063383088273404220e-02 4.448752451893823417e-16 6.430403724169477539e-04 1.480655175720603641e-03 nan nan nan nan
1.513561248435897705e+12 6.379362041400481464e-01 4.495169941479278397e-01 -2.078771677470404367e+00 7.831552483880599436e-02 3.955116786212145474e-16 5.986311500649030715e-04 1.378399162341327434e-03 nan nan nan nan
1.584893192460786865e+12 6.334329879818375586e-01 4.566010654288337745e-01 -2.075271323865917061e+00 7.601828836629548336e-02 3.514605462690027184e-16 5.570274272002918295e-04 1.282603050260218078e-03 nan nan nan nan
1.659586907437216797e+12 6.289447154559926201e-01 4.637119189012597897e-01 -2.071819684915202409e+00 7.374315471990747217e-02 3.121032088556250705e-16 5.179623991859386026e-04 1.192652499096973594e-03 nan nan nan nan
1.737800828749013916e+12 6.244718322514087872e-01 4.708490549150733950e-01 -2.068406694852531036e+00 7.149144181842985446e-02 2.769648031735408213e-16 4.813096644892867512e-04 1.108256458566997263e-03 nan nan nan nan
1.819700858609603027e+12 6.200142765589506944e-01 4.780127745001253592e-01 -2.064870472135392987e+00 6.926419952370285738e-02 2.456545189316758823e-16 4.470177390212995796e-04 1.029296382174347147e-03 nan nan nan nan
1.905460717962846924e+12 6.155717199358200498e-01 4.852038170982756471e-01 -2.061331822513865486e+00 6.706233592664954946e-02 2.177383557547390615e-16 4.148918836844748474e-04 9.553238665760913767e-04 nan nan nan nan
1.995262314968458496e+12 6.111445790426048852e-01 4.924217208912999855e-01 -2.057856871990237035e+00 6.488711625172029207e-02 1.928499478054506674e-16 3.847862332998498963e-04 8.860030447855635032e-04 nan nan nan nan
2.089296130853596436e+12 6.067329852739163920e-01 4.996664771684299899e-01 -2.054297275023605707e+00 6.273964508196366863e-02 1.707028867397706689e-16 3.566488807909425594e-04 8.212143963422348716e-04 nan nan nan nan
2.187761623949086426e+12 6.023365165653999931e-01 5.069389922373398472e-01 -2.050671015275564724e+00 6.062074164444590518e-02 1.510018102145618416e-16 3.303559655342615427e-04 7.606727216208454328e-04 nan nan nan nan
2.290867652767282715e+12 5.979554657078105517e-01 5.142389998652043825e-01 -2.047124779292031072e+00 5.853155325803755665e-02 1.334658786937017877e-16 3.057526642475634840e-04 7.040215268396532704e-04 nan nan nan nan
2.398832919018974609e+12 5.935901248075364789e-01 5.215662233732500930e-01 -2.043543500884594799e+00 5.647319928004061046e-02 1.178831634444769589e-16 2.827820130687055456e-04 6.511296478588488902e-04 nan nan nan nan
2.511886431509037598e+12 5.892401096889875456e-01 5.289215218820878528e-01 -2.039837226284784144e+00 5.444645536061702012e-02 1.040539671081599055e-16 2.613717481236745434e-04 6.018306909593674429e-04 nan nan nan nan
2.630267991894811523e+12 5.849055011089476785e-01 5.363049813646182384e-01 -2.036213615724196568e+00 5.245229232135194264e-02 9.176761125194609166e-17 2.413734105686399527e-04 5.557828170204818672e-04 nan nan nan nan
2.754228703337566406e+12 5.805867071983574768e-01 5.437161225928025532e-01 -2.032600132875971966e+00 5.049179839638461703e-02 8.086694384434196235e-17 2.227260578872737725e-04 5.128457007125654995e-04 nan nan nan nan
2.884031503125974609e+12 5.762834887649977977e-01 5.511555713664009204e-01 -2.028836584004904964e+00 4.856573311684334732e-02 7.121417221815102105e-17 2.053839161461861037e-04 4.729139436589472516e-04 nan nan nan nan
3.019951720401352051e+12 5.719956808320937336e-01 5.586238386236912490e-01 -2.025123838919382191e+00 4.667486160570040454e-02 6.265801855557469448e-17 1.892241909338476336e-04 4.357048012781366436e-04 nan nan nan nan
3.162277660167680664e+12 5.677237432959791885e-01 5.661203460126483789e-01 -2.021460078550151529e+00 4.482018750725769857e-02 5.508031113792667203e-17 1.741792374265505885e-04 4.010625156074459972e-04 nan nan nan nan
3.311311214825176270e+12 5.634676335721571228e-01 5.736453853557457183e-01 -2.017661109064510239e+00 4.300245133882388965e-02 4.838366012334513594e-17 1.602133563807224103e-04 3.689048861007939535e-04 nan nan nan nan
3.467368504524543945e+12 5.592269921694569268e-01 5.811998199687742339e-01 -2.013852953573604498e+00 4.122222310876474949e-02 4.246364352085134001e-17 1.472371001315576542e-04 3.390259518985963105e-04 nan nan nan nan
3.630780547700200684e+12 5.550022382556549783e-01 5.887831323507626280e-01 -2.010120567016837612e+00 3.948035987344283154e-02 3.723124602678223006e-17 1.351784838406813185e-04 3.112599617850893242e-04 nan nan nan nan
3.801893963204757324e+12 5.507935264365337868e-01 5.963952652167957558e-01 -2.006299494618986046e+00 3.777755602285572806e-02 3.261621314073606615e-17 1.240033838423641147e-04 2.855283431162463606e-04 nan nan nan nan
3.981071705534073730e+12 5.466004148497419779e-01 6.040372465244215894e-01 -2.002395340471097462e+00 3.611422070208958335e-02 2.854834156610760836e-17 1.136529948487533063e-04 2.616956917128684555e-04 nan nan nan nan
4.168693834702408691e+12 5.424231834942722097e-01 6.117088008389399700e-01 -1.998584967392784018e+00 3.449100689002804199e-02 2.496112452045663006e-17 1.040552858956666707e-04 2.395961501505956663e-04 nan nan nan nan
4.365158322400665527e+12 5.382621480451136309e-01 6.194095734705435952e-01 -1.994742494510288067e+00 3.290852208080838337e-02 2.180368356024379907e-17 9.517653075198879780e-05 2.191520609124187908e-04 nan nan nan nan
4.570881896147705078e+12 5.341169204878110088e-01 6.271405117641170035e-01 -1.990753148532223848e+00 3.136705274651917924e-02 1.902897015411327027e-17 8.697917517977134597e-05 2.002769521698592259e-04 nan nan nan nan
4.786300923225284180e+12 5.299875533222188073e-01 6.349017570094304119e-01 -1.986857534937184866e+00 2.986700340789747929e-02 1.658847023468030760e-17 7.939741039914550665e-05 1.828192936074028751e-04 nan nan nan nan
5.011872336271566406e+12 5.258744761836228188e-01 6.426927331572862556e-01 -1.982980207159408703e+00 2.840885407353550135e-02 1.444532404243903298e-17 7.239811995677874318e-05 1.667028317732734848e-04 nan nan nan nan
5.248074602496509766e+12 5.217774601610665197e-01 6.505141035308822373e-01 -1.978932807604354416e+00 2.699278856898385329e-02 1.256742327938851196e-17 6.595477493138224626e-05 1.518664815687781669e-04 nan nan nan nan
5.495408738574966797e+12 5.176963044835852790e-01 6.583664934355035747e-01 -1.974938088615181275e+00 2.561895064147131848e-02 1.092082885222114221e-17 6.001441830697769135e-05 1.381883049583557945e-04 nan nan nan nan
5.754399373370224609e+12 5.136314828794299459e-01 6.662492300438006554e-01 -1.971005173109699360e+00 2.428765055986221305e-02 9.478570938598769613e-18 5.454348266951798371e-05 1.255910101148112077e-04 nan nan nan nan
6.025595860742164062e+12 5.095829726598800624e-01 6.741625884302171468e-01 -1.966923753354640425e+00 2.299896586726377784e-02 8.218354150016754134e-18 4.952048074845414146e-05 1.140251207692891344e-04 nan nan nan nan
6.309573444800446289e+12 5.055503814022225262e-01 6.821075790147445028e-01 -1.962824348795604745e+00 2.175280192921513756e-02 7.117241223905903023e-18 4.490675622659571434e-05 1.034016274620768388e-04 nan nan nan nan
6.606934480074397461e+12 5.015341295165018920e-01 6.900836190273756943e-01 -1.958815620620618869e+00 2.054925756103156628e-02 6.155565358663139360e-18 4.066941701250301991e-05 9.364479335374790373e-05 nan nan nan nan
6.918309709187721680e+12 4.975343954226962850e-01 6.980905882452765887e-01 -1.954714322687512551e+00 1.938828532455408662e-02 5.317635553784869823e-18 3.678904968167168925e-05 8.470991738243457611e-05 nan nan nan nan
7.244359600748172852e+12 4.935507166903848608e-01 7.061296560062666483e-01 -1.950509761837847078e+00 1.826959249959705586e-02 4.588296043382369435e-18 3.323926649295192397e-05 7.653623952872758206e-05 nan nan nan nan
7.585775750290020508e+12 4.895833580009403829e-01 7.142005393728793061e-01 -1.946415801439575599e+00 1.719303616665826540e-02 3.953356622904015719e-18 2.998927680227373276e-05 6.905286171458764079e-05 nan nan nan nan
7.943282347240904297e+12 4.856326593632824262e-01 7.223027858079613672e-01 -1.942294091980446336e+00 1.615842145297720356e-02 3.401794143588760985e-18 2.702141136971609374e-05 6.221909901156810437e-05 nan nan nan nan
8.317637711024701172e+12 4.816982289794340399e-01 7.304374419575909716e-01 -1.937999394467799785e+00 1.516529852807718161e-02 2.923613076281951472e-18 2.431755437572769458e-05 5.599323820362272434e-05 nan nan nan nan
8.709635899558694336e+12 4.777800878859194134e-01 7.386047195383279584e-01 -1.933811408719338765e+00 1.421327061591188233e-02 2.508835714781047549e-18 2.185104560755200760e-05 5.031389188228227915e-05 nan nan nan nan
9.120108393556876953e+12 4.738786877763664918e-01 7.468039230047419652e-01 -1.929652257474285149e+00 1.330197951735166868e-02 2.149737041310097843e-18 1.960583483439235023e-05 4.514410302537521163e-05 nan nan nan nan
9.549925860212025391e+12 4.699938104500937519e-01 7.550357536198677444e-01 -1.925299715002970480e+00 1.243084506060342098e-02 1.839637208101609123e-18 1.756839894705780820e-05 4.045273352326760351e-05 nan nan nan nan
9.999999999997544922e+12 4.661252164458670189e-01 7.633009761317084418e-01 -1.921001459352869922e+00 1.159923420542582732e-02 1.571789352032121163e-18 1.571789352031735201e-05 3.619178731315044460e-05 nan nan nan nan
1.047128548050641602e+13 4.622733929121415897e-01 7.715988033709473282e-01 -1.916780979864347589e+00 1.080661397896826546e-02 1.340757030772054346e-18 1.403944962921030741e-05 3.232702743006043793e-05 nan nan nan nan
1.096478196142913867e+13 4.584383377491405009e-01 7.799294832455176962e-01 -1.912397221873755493e+00 1.005228662468244348e-02 1.142034803039531496e-18 1.252216260769213405e-05 2.883334495251935840e-05 nan nan nan nan
1.148153621496597656e+13 4.546196234272219527e-01 7.882942021354095719e-01 -1.907983983108475279e+00 9.335425761829187902e-03 9.711969402225873357e-19 1.115083284102978342e-05 2.567574147422362429e-05 nan nan nan nan
1.202264434617113086e+13 4.508176701645559836e-01 7.966923002365398077e-01 -1.903680010527526889e+00 8.655319583168095271e-03 8.244505429993213364e-19 9.912075659488508720e-06 2.282339765416736783e-05 nan nan nan nan
1.258925411793852148e+13 4.470326808999981472e-01 8.051235754079879570e-01 -1.899279923610018184e+00 8.011159580368428998e-03 6.987413395791266460e-19 8.796632286670398834e-06 2.025499437183738615e-05 nan nan nan nan
1.318256738556075781e+13 4.432641716024701140e-01 8.135893625085248715e-01 -1.894751604847421778e+00 7.401979200476966995e-03 5.912238168669826983e-19 7.793847805797431873e-06 1.794599777469352048e-05 nan nan nan nan
1.380384264602536523e+13 4.395123887365907644e-01 8.220893740025579932e-01 -1.890354575415801985e+00 6.826897038131759209e-03 4.992887115996851970e-19 6.892102809858793966e-06 1.586965318936323758e-05 nan nan nan nan
1.445439770745561523e+13 4.357776975214966431e-01 8.306230337299884692e-01 -1.885936004560569756e+00 6.285003260877010042e-03 4.208814777910174541e-19 6.083588267693013958e-06 1.400797965710340469e-05 nan nan nan nan
1.513561248435823438e+13 4.320597022645838448e-01 8.391915006001869903e-01 -1.881313066809752854e+00 5.775241557543520435e-03 3.541790647083386099e-19 5.360717073497852693e-06 1.234350722119482298e-05 nan nan nan nan
1.584893192460708984e+13 4.283583888682249152e-01 8.477950766195181398e-01 -1.876812091197171739e+00 5.296585974089455286e-03 2.974353707915759149e-19 4.714032943645954798e-06 1.085446198392201723e-05 nan nan nan nan
1.659586907437135352e+13 4.246742316444547249e-01 8.564329177573658525e-01 -1.872353678125660670e+00 4.848042056066460825e-03 2.492777142711558233e-19 4.136980309202653466e-06 9.525749189979928756e-06 nan nan nan nan
1.737800828748928516e+13 4.210070234573023429e-01 8.651057626424693003e-01 -1.867674445519577064e+00 4.428503244128713205e-03 2.085318726577022290e-19 3.623868611251209539e-06 8.344265843236069527e-06 nan nan nan nan
1.819700858609513672e+13 4.173564827690143808e-01 8.738145476347960461e-01 -1.863050727608668744e+00 4.036842650729427495e-03 1.740712617284323865e-19 3.167576244264697981e-06 7.293613840965959921e-06 nan nan nan nan
1.905460717962753516e+13 4.137231096745835890e-01 8.825583461259787210e-01 -1.858524740265091957e+00 3.672002059861299243e-03 1.449818331616106550e-19 2.762571879076787965e-06 6.361056827086761746e-06 nan nan nan nan
1.995262314968360547e+13 4.101069233427901417e-01 8.913373646422786400e-01 -1.853819009838136633e+00 3.332855420030841290e-03 1.205074351192881168e-19 2.404439439670103255e-06 5.536426410791336222e-06 nan nan nan nan
2.089296130853493750e+13 4.065074585590905953e-01 9.001530019237533597e-01 -1.849068726550446851e+00 3.018228793755710002e-03 9.994146618345644822e-20 2.088073186089208556e-06 4.807966191369593753e-06 nan nan nan nan
2.187761623948979297e+13 4.029251336554542373e-01 9.090045068604257761e-01 -1.844451039028837336e+00 2.727026005512553971e-03 8.268406093791975554e-20 1.808930154322396901e-06 4.165215607610170265e-06 nan nan nan nan
2.290867652767170312e+13 3.993601768897810933e-01 9.178915703080812172e-01 -1.839734332046564891e+00 2.458128117085620241e-03 6.825054500245877224e-20 1.563529658298628615e-06 3.600160083652496586e-06 nan nan nan nan
2.398832919018857031e+13 3.958120813345378797e-01 9.268157224428851260e-01 -1.834858271354027792e+00 2.210366998021522263e-03 5.620659955053276158e-20 1.348302412679284780e-06 3.104581036283227194e-06 nan nan nan nan
2.511886431508914453e+13 3.922810719185193529e-01 9.357766759275422119e-01 -1.830139079012712111e+00 1.982639667942305648e-03 4.616599416160446605e-20 1.159637343316540153e-06 2.670163659999884133e-06 nan nan nan nan
2.630267991894682031e+13 3.887675400972581130e-01 9.447736972852918136e-01 -1.825407010463543811e+00 1.773860349862681511e-03 3.782256677037305025e-20 9.948348674741164697e-07 2.290691935836607677e-06 nan nan nan nan
2.754228703337430859e+13 3.852710860110452051e-01 9.538080729609836883e-01 -1.820432623895694935e+00 1.582910617443806893e-03 3.091173005735681667e-20 8.513797419379055051e-07 1.960374302263338797e-06 nan nan nan nan
2.884031503125833203e+13 3.817916562592675866e-01 9.628802216242365875e-01 -1.815598145280873155e+00 1.408715745111779188e-03 2.519223013555038065e-20 7.265518534492328201e-07 1.672947467039398075e-06 nan nan nan nan
3.019951720401203906e+13 3.783297484192643112e-01 9.719891133234317415e-01 -1.810824198631635573e+00 1.250248599219445358e-03 2.047324140149039507e-20 6.182820059262006919e-07 1.423646930112125987e-06 nan nan nan nan
3.162277660167525781e+13 3.748851668031749074e-01 9.811355217654135208e-01 -1.805796945060538228e+00 1.106472202665922293e-03 1.659444962843491803e-20 5.247625734277503793e-07 1.208310478935931423e-06 nan nan nan nan
3.311311214825013672e+13 3.714575838969580435e-01 9.903205965865324867e-01 -1.800825791951059074e+00 9.763767243872959606e-04 1.341046584596254647e-20 4.440622595176359253e-07 1.022491139126561858e-06 nan nan nan nan
3.467368504524373438e+13 3.680475122700995749e-01 9.995432397174927042e-01 -1.795977504342724407e+00 8.590155708382983708e-04 1.080388131969983529e-20 3.746103781454643417e-07 8.625722723986087389e-07 nan nan nan nan
3.630780547700022656e+13 3.646549931306962145e-01 1.008803596705299066e+00 -1.790931057337313836e+00 7.534547587763026130e-04 8.678654779429043027e-21 3.151029095335479858e-07 7.255512622509990569e-07 nan nan nan nan
3.801893963204570312e+13 3.612795206176007690e-01 1.018103324921629360e+00 -1.785820200196296836e+00 6.587810466745351069e-04 6.949735349294215258e-21 2.642215687035108275e-07 6.083926453442062077e-07 nan nan nan nan
3.981071705533878125e+13 3.579215092293736022e-01 1.027441564582428635e+00 -1.780871468004005864e+00 5.741461994006362901e-04 5.546463473472468341e-21 2.208086880001839735e-07 5.084307933927968901e-07 nan nan nan nan
4.168693834702203906e+13 3.545812135217482619e-01 1.036817866097576868e+00 -1.775821856368473339e+00 4.987326637493806484e-04 4.412214337068825376e-21 1.839317070432348428e-07 4.235184067667005126e-07 nan nan nan nan
4.365158322400451562e+13 3.512581021258256442e-01 1.046233992049816930e+00 -1.770573780368955852e+00 4.317455123819596494e-04 3.498440327559922974e-21 1.527124591126955849e-07 3.516334318673555817e-07 nan nan nan nan
4.570881896147480469e+13 3.479523746508119686e-01 1.055689663024777403e+00 -1.765514411586855958e+00 3.724477247824044832e-04 2.763729392733101390e-21 1.263268064709440201e-07 2.908782214255394795e-07 nan nan nan nan
4.786300923225049219e+13 3.446644500545725243e-01 1.065183943778841069e+00 -1.760454086378403948e+00 3.201449727560655477e-04 2.175471869642211454e-21 1.041246301811864045e-07 2.397558212687177140e-07 nan nan nan nan
5.011872336271320312e+13 3.413939239607673981e-01 1.074718266200303418e+00 -1.755105281829453689e+00 2.741705519527752187e-04 1.706465836745579436e-21 8.552588919977260350e-08 1.969306375364568674e-07 nan nan nan nan
5.248074602496252344e+13 3.381406990025107584e-01 1.084293200876923935e+00 -1.749917476801030825e+00 2.339057258508335036e-04 1.333287182998970938e-21 6.997190602930672055e-08 1.611162677514618631e-07 nan nan nan nan
5.495408738574697656e+13 3.349052967904579958e-01 1.093907483271045589e+00 -1.744813909064133473e+00 1.987797105528540519e-04 1.037586564318913052e-21 5.701962272585852047e-08 1.312925332967063603e-07 nan nan nan nan
5.754399373369942188e+13 3.316875335498790101e-01 1.103561917244967994e+00 -1.739418223503886196e+00 1.682532464392833850e-04 8.044121926233542626e-22 4.628909017162970750e-08 1.065845689974517637e-07 nan nan nan nan
6.025595860741867969e+13 3.284870313364082195e-01 1.113257920264746570e+00 -1.734078127990480667e+00 1.418265572083544153e-04 6.210243538506558103e-22 3.742041775982404717e-08 8.616369610738049641e-08 nan nan nan nan
6.309573444800135938e+13 3.253043147501042398e-01 1.122994181680239123e+00 -1.728892908765709890e+00 1.190463720085827232e-04 4.773560967229589139e-22 3.011913351596626776e-08 6.935186784776126839e-08 nan nan nan nan
6.606934480074072656e+13 3.221394479636293662e-01 1.132770758974672054e+00 -1.723488830149149775e+00 9.949229844751621436e-05 3.653913406021315963e-22 2.414116646944712724e-08 5.558709004003665565e-08 nan nan nan nan
6.918309709187382031e+13 3.189918811076177252e-01 1.142589627594475132e+00 -1.717993955042694143e+00 8.277714046591352882e-05 2.784483572953296489e-22 1.926391973783556434e-08 4.435681442097393716e-08 nan nan nan nan
7.244359600747817188e+13 3.158620226459957769e-01 1.152449797945219068e+00 -1.712699033485270750e+00 6.855419520475486135e-05 2.111826812837060443e-22 1.529883284669282342e-08 3.522686445300256208e-08 nan nan nan nan
7.585775750289648438e+13 3.127501546907489050e-01 1.162350635020534151e+00 -1.707302934721218524e+00 5.650818997518256633e-05 1.594234953969819380e-22 1.209350885408839021e-08 2.784633320941543329e-08 nan nan nan nan
7.943282347240514062e+13 3.096557196578457183e-01 1.172294180404715114e+00 -1.701658795623635534e+00 4.635205892029641629e-05 1.197848897718862331e-22 9.514852003911747347e-09 2.190875638625171520e-08 nan nan nan nan
8.317637711024293750e+13 3.065788875261682422e-01 1.182280174908309611e+00 -1.696243230882609865e+00 3.783126560591266134e-05 8.953474771139123623e-23 7.447175940113138073e-09 1.714775630460843081e-08 nan nan nan nan
8.709635899558267188e+13 3.035201063276767863e-01 1.192307422480270329e+00 -1.690843081491516520e+00 3.071905420842362008e-05 6.657998807005782982e-23 5.798874542871368293e-09 1.335240207855827433e-08 nan nan nan nan
9.120108393556429688e+13 3.004789666971109940e-01 1.202377521808969840e+00 -1.685097777345753611e+00 2.481212614335078564e-05 4.926081665840619904e-23 4.492639874797747587e-09 1.034468560389992996e-08 nan nan nan nan
9.549925860211556250e+13 2.974553219897442258e-01 1.212491243460059209e+00 -1.679538182902023058e+00 1.993187358414239175e-05 3.624249928896205098e-23 3.461131811983576232e-09 7.969550515160852681e-09 nan nan nan nan
9.999999999997054688e+13 2.944497187172147035e-01 1.222647024874014887e+00 -1.674094231055406778e+00 1.592242473377828018e-05 2.651343714152708677e-23 2.651343714151927879e-09 6.104944512609695527e-09 nan nan nan nan
1.047128548050590156e+14 2.914619855781389601e-01 1.232845691376155628e+00 -1.668311419573540455e+00 1.264654148170620777e-05 1.928939542070045387e-23 2.019847661965176954e-09 4.650871116559892848e-09 nan nan nan nan
1.096478196142860000e+14 2.884916890286471358e-01 1.243089000975280634e+00 -1.662581810994684162e+00 9.985003272953241687e-06 1.394953093745455329e-23 1.529535651933918838e-09 3.521885991345971179e-09 nan nan nan nan
1.148153621496541250e+14 2.855393652226388412e-01 1.253375377700374882e+00 -1.657048200700832474e+00 7.835771092057815257e-06 1.002504505894008891e-23 1.151029179008807021e-09 2.650342629186854266e-09 nan nan nan nan
1.202264434617054062e+14 2.826051024288723790e-01 1.263704753590839669e+00 -1.651272362140935090e+00 6.110810420426039049e-06 7.160893835502752541e-24 8.609287978493464068e-10 1.982361816057189439e-09 nan nan nan nan
1.258925411793790312e+14 2.796883029354824690e-01 1.274079499686308070e+00 -1.645370286367897839e+00 4.734753186768809646e-06 5.082321215535591136e-24 6.398263329136461425e-10 1.473254576272007187e-09 nan nan nan nan
1.318256738556011094e+14 2.767893666421930576e-01 1.284498471286505739e+00 -1.639717178658316454e+00 3.644261093282576747e-06 3.582472501156335352e-24 4.722618515340945936e-10 1.087423099332173571e-09 nan nan nan nan
1.380384264602468906e+14 2.739086048769294179e-01 1.294960787080514875e+00 -1.633964922590594782e+00 2.785883863496929977e-06 2.508239637766159669e-24 3.462334527824603386e-10 7.972319870727510384e-10 nan nan nan nan
1.445439770745490625e+14 2.710454318841198362e-01 1.305468826824488504e+00 -1.627901078332793627e+00 2.114688831440969680e-06 1.744118794815726778e-24 2.521018670931345519e-10 5.804860010846178257e-10 nan nan nan nan
1.513561248435749062e+14 2.681999831642319920e-01 1.316022370907745209e+00 -1.622116027328067256e+00 1.593580588959076529e-06 1.203734885689410788e-24 1.821926476369728374e-10 4.195140745020105308e-10 nan nan nan nan
1.584893192460631250e+14 2.653727378188519559e-01 1.326619883464755789e+00 -1.616369095321756433e+00 1.191991446113732251e-06 8.245890439590289822e-25 1.306885562348285206e-10 3.009215214112302296e-10 nan nan nan nan
1.659586907437054062e+14 2.625632810491388969e-01 1.337263155339935450e+00 -1.610206537998099208e+00 8.847674387186645993e-07 5.606909717074642447e-25 9.305153957638673488e-11 2.142590879087336043e-10 nan nan nan nan
1.737800828748843125e+14 2.597714110315078040e-01 1.347953223019711766e+00 -1.604258680866465614e+00 6.515263559766214949e-07 3.781647912144956921e-25 6.571750875761838355e-11 1.513201560139977444e-10 nan nan nan nan
1.819700858609424375e+14 2.569977003526096593e-01 1.358688142171271540e+00 -1.598468334118380962e+00 4.758891225363503146e-07 2.529605869161931080e-25 4.603125972057405152e-11 1.059908924443310763e-10 nan nan nan nan
1.905460717962660000e+14 2.542419911011702949e-01 1.369468744643331570e+00 -1.592282410498725653e+00 3.446967052264862022e-07 1.678405279357591216e-25 3.198135328637034948e-11 7.363978733097250540e-11 nan nan nan nan
1.995262314968262500e+14 2.515037883909691518e-01 1.380297226371023811e+00 -1.586144212245995888e+00 2.475085218190565136e-07 1.103924667704099592e-25 2.202619288033851777e-11 5.071718338167905745e-11 nan nan nan nan
2.089296130853391250e+14 2.487836395962482738e-01 1.391171677529021267e+00 -1.580255437608562907e+00 1.761486500868646040e-07 7.195048087107587865e-26 1.503258612969797678e-11 3.461380873139162255e-11 nan nan nan nan
2.187761623948871875e+14 2.460816586289205909e-01 1.402091852485522372e+00 -1.574098039109306679e+00 1.242208511254044453e-07 4.647595626250985759e-26 1.016783135474453096e-11 2.341229690551221300e-11 nan nan nan nan
2.290867652767057812e+14 2.433971956777399859e-01 1.413060619950547103e+00 -1.567766321607972468e+00 8.677158604626127162e-08 2.973963164156881531e-26 6.812956013287767761e-12 1.568741095542055923e-11 nan nan nan nan
2.398832919018739375e+14 2.407306391815183244e-01 1.424076650306020486e+00 -1.561747552101363068e+00 6.002393427343621885e-08 1.884099122269293443e-26 4.519638997193894122e-12 1.040685338065321863e-11 nan nan nan nan
2.511886431508790938e+14 2.380823318270997857e-01 1.435138733084719398e+00 -1.555635171569669239e+00 4.110808940937069103e-08 1.181811915404143063e-26 2.968577314899082192e-12 6.835401872686917863e-12 nan nan nan nan
2.630267991894553125e+14 2.354516575271516365e-01 1.446249662490843635e+00 -1.549128738914335557e+00 2.786211550995133386e-08 7.338159279077067318e-27 1.930132547118041994e-12 4.444294430496631698e-12 nan nan nan nan
2.754228703337295938e+14 2.328387117660586092e-01 1.457409289294222754e+00 -1.542964625401323620e+00 1.868319222489729701e-08 4.506769489694078868e-27 1.241267388784020921e-12 2.858123785833731199e-12 nan nan nan nan
2.884031503125691250e+14 2.302440072105442215e-01 1.468615631501205998e+00 -1.536870369205333819e+00 1.239166818059504709e-08 2.737516519570536837e-27 7.895083882768425661e-13 1.817910245640012799e-12 nan nan nan nan
3.019951720401055625e+14 2.276671232928665634e-01 1.479870702402698246e+00 -1.530271667160825633e+00 8.125951732349290650e-09 1.644581771434477015e-27 4.966557549983764756e-13 1.143592137808964681e-12 nan nan nan nan
3.162277660167370625e+14 2.251077963473800403e-01 1.491175896629780340e+00 -1.523921678387774925e+00 5.266368333679732898e-09 9.762584371769013152e-28 3.087200246434425303e-13 7.108541266527452376e-13 nan nan nan nan
3.311311214824851250e+14 2.225666264963963858e-01 1.502528777272902349e+00 -1.517785218883024978e+00 3.372302115154478502e-09 5.725082934231162122e-28 1.895753132592201382e-13 4.365132903103567884e-13 nan nan nan nan
3.467368504524203125e+14 2.200434704763599425e-01 1.513930159074352577e+00 -1.511183743765079912e+00 2.132784858193319968e-09 3.316899542640583842e-28 1.150091300682269508e-13 2.648183084533126494e-13 nan nan nan nan
3.630780547699844375e+14 2.175377655481005035e-01 1.525382808822248304e+00 -1.504619327380846583e+00 1.331552141824403955e-09 1.896942244180009197e-28 6.887381000278865136e-14 1.585878082101253575e-13 nan nan nan nan
3.801893963204384375e+14 2.150500700551622735e-01 1.536884393990239461e+00 -1.498374446993838482e+00 8.204067713945276101e-10 1.070372773788377528e-28 4.069443787044364812e-14 9.370240600825590581e-14 nan nan nan nan
3.981071705533683125e+14 2.125805256318369918e-01 1.548434418249045263e+00 -1.491831202919713828e+00 4.986468573781293512e-10 5.959189624681649442e-29 2.372396120273000347e-14 5.462643941217520382e-14 nan nan nan nan
4.168693834701999375e+14 2.101284257220618623e-01 1.560036384128374864e+00 -1.485047646700788482e+00 2.988133833215956936e-10 3.271471840576098776e-29 1.363776449221078519e-14 3.140211322152806656e-14 nan nan nan nan
4.365158322400236875e+14 2.076941440897471514e-01 1.571688742576745401e+00 -1.478661137739175624e+00 1.764770288148680398e-10 1.769531549437387297e-29 7.724285369776396566e-15 1.778582434647913231e-14 nan nan nan nan
4.570881896147256250e+14 2.052780576616741182e-01 1.583389840057109366e+00 -1.472191986543692543e+00 1.026819532097759607e-10 9.429899675182127495e-30 4.310295770777487721e-15 9.924822788187523940e-15 nan nan nan nan
4.786300923224814375e+14 2.028795178259552023e-01 1.595142984382614371e+00 -1.465220419086979753e+00 5.882307426503144786e-11 4.949232981168620501e-30 2.368851838702206951e-15 5.454482931307237677e-15 nan nan nan nan
5.011872336271074375e+14 2.004985738279663754e-01 1.606948145338285672e+00 -1.458672034742466650e+00 3.316168632862880432e-11 2.555499690576153156e-30 1.280783820454791309e-15 2.949113732327164944e-15 nan nan nan nan
5.248074602495995000e+14 1.981357750726596978e-01 1.618802750604633856e+00 -1.452237873817980418e+00 1.839063670742317677e-11 1.297911702036944971e-30 6.811537439742440178e-16 1.568414456912177107e-15 nan nan nan nan
5.495408738574427500e+14 1.957906951826091646e-01 1.630709072064939757e+00 -1.445185911258553002e+00 1.002659890145040413e-11 6.483003809277274454e-31 3.562675578571363284e-16 8.203363678392359233e-16 nan nan nan nan
5.754399373369660000e+14 1.934630011866413923e-01 1.642668993132715860e+00 -1.438422418843265493e+00 5.370676605172432616e-12 3.180802727039575595e-31 1.830360921928903859e-16 4.214561773632332591e-16 nan nan nan nan
6.025595860741572500e+14 1.911533226634464511e-01 1.654679436498262435e+00 -1.431947808421688784e+00 2.825198051206141014e-12 1.532334498616500176e-31 9.233228412135096753e-17 2.126029410199135870e-16 nan nan nan nan
6.309573444799826250e+14 1.888615328192614351e-01 1.666741163013352178e+00 -1.424922392729947918e+00 1.458631236387426045e-12 7.247556912506493667e-32 4.572899263482638868e-17 1.052948967585857619e-16 nan nan nan nan
6.606934480073748750e+14 1.865869938178841281e-01 1.678857693866900203e+00 -1.417914791783942530e+00 7.385373290729680398e-13 3.361603513933167895e-32 2.220989416454212121e-17 5.114017122025013607e-17 nan nan nan nan
6.918309709187042500e+14 1.843302748895618570e-01 1.691026158184753436e+00 -1.411319758604784758e+00 3.665451488480294902e-13 1.527946464102244763e-32 1.057080685771657019e-17 2.434018229149740614e-17 nan nan nan nan
7.244359600747461250e+14 1.820915481833010330e-01 1.703245706377308100e+00 -1.404392969449564710e+00 1.782187957847354712e-13 6.804929239046930371e-33 4.929735446529674764e-18 1.135113535158357527e-17 nan nan nan nan
7.585775750289276250e+14 1.798700453488850382e-01 1.715520659121952285e+00 -1.397134019559440832e+00 8.481026488904149140e-14 2.966810439960095144e-33 2.250555869115435029e-18 5.182096395175460069e-18 nan nan nan nan
7.943282347240125000e+14 1.776661218296841371e-01 1.727849210113771461e+00 -1.390383450988078362e+00 3.947804108766616157e-14 1.264800972149823988e-33 1.004667123484984545e-18 2.313331541957733800e-18 nan nan nan nan
8.317637711023885000e+14 1.754801925307362398e-01 1.740229105518460218e+00 -1.383569510319939688e+00 1.796491035929185160e-14 5.271403440322377975e-34 4.384562404524646092e-19 1.009582803196057983e-18 nan nan nan nan
8.709635899557840000e+14 1.733115742028331074e-01 1.752664297399949778e+00 -1.376108613659189128e+00 7.984067479606387642e-15 2.146472577768112319e-34 1.869499462074560864e-19 4.304681592733271714e-19 nan nan nan nan
9.120108393555981250e+14 1.711602628528230696e-01 1.765154951720613541e+00 -1.369174804506646304e+00 3.462653140339964140e-15 8.526299221989495636e-35 7.776077310043622946e-20 1.790507969607568635e-19 nan nan nan nan
9.549925860211087500e+14 1.690268486852861407e-01 1.777697708716968528e+00 -1.362417137242798670e+00 1.464634069608398160e-15 3.302756717619650519e-35 3.154108178758179123e-20 7.262602474099182089e-20 nan nan nan nan
9.999999999996563750e+14 1.669108999395765569e-01 1.790295142240864612e+00 -1.354895042482034295e+00 6.035990223515996493e-16 1.247057005132177226e-35 1.247057005131748645e-20 2.871454870130163858e-20 nan nan nan nan
1.047128548050538750e+15 1.648120060175604640e-01 1.802949812112043526e+00 -1.347707509698477857e+00 2.421088284533239755e-16 4.581859025319859486e-36 4.797795388555441344e-21 1.104733214092333622e-20 nan nan nan nan
1.096478196142806125e+15 1.627308285583249081e-01 1.815657801708707275e+00 -1.340910946807360782e+00 9.445999872907015034e-17 1.637049459290425702e-36 1.794989038119322120e-21 4.133115001261272285e-21 nan nan nan nan
1.148153621496485000e+15 1.606672599447468708e-01 1.828419761004305144e+00 -1.333456716428747857e+00 3.581287996803747817e-17 5.685910407802535157e-37 6.528298626223036354e-22 1.503196309935467170e-21 nan nan nan nan
1.202264434616995000e+15 1.586205793776077622e-01 1.841240221719791403e+00 -1.325986901698412490e+00 1.317690900922552318e-17 1.916534168161431972e-37 2.304180868108756984e-22 5.305572518469303805e-22 nan nan nan nan
1.258925411793728500e+15 1.565913672476458574e-01 1.854115623077465136e+00 -1.319054692543582652e+00 4.701683697908744196e-18 6.262549326431187339e-38 7.884082489655919420e-23 1.815377081261710459e-22 nan nan nan nan
1.318256738555946500e+15 1.545798301839859112e-01 1.867044615867957003e+00 -1.311753707640495037e+00 1.625393127678196755e-18 1.983071583290740546e-38 2.614197477711828569e-23 6.019412142321891081e-23 nan nan nan nan
1.380384264602401000e+15 1.525851330097915126e-01 1.880032589453278558e+00 -1.303991310904923928e+00 5.435843425627785196e-19 6.076299600526367519e-39 8.387628355576452146e-24 1.931322801712450026e-23 nan nan nan nan
1.445439770745419500e+15 1.506076091694792396e-01 1.893077439198970424e+00 -1.296886261659436546e+00 1.756971577651622603e-19 1.798674409248450974e-39 2.599875525749733908e-24 5.986434629231394967e-24 nan nan nan nan
1.513561248435674750e+15 1.486477168686793637e-01 1.906176088763420484e+00 -1.289749981060857476e+00 5.483600391043117484e-20 5.141260034171137110e-40 7.781611955852506047e-25 1.791782368901022330e-24 nan nan nan nan
1.584893192460553500e+15 1.467047368595215950e-01 1.919333304923535044e+00 -1.281771881971630389e+00 1.649921458281912621e-20 1.417386396093595017e-40 2.246406050254936425e-25 5.172541084128649865e-25 nan nan nan nan
1.659586907436972500e+15 1.447786045141529476e-01 1.932549568828099140e+00 -1.274455514901971842e+00 4.779556043665276246e-21 3.760606444041188163e-41 6.241053218553865436e-26 1.437055610562464179e-25 nan nan nan nan
1.737800828748758000e+15 1.428699565343078959e-01 1.945820457337580356e+00 -1.267402923984461527e+00 1.331846537287476414e-21 9.596125752289873754e-42 1.667615528510664068e-26 3.839826656794042507e-26 nan nan nan nan
1.819700858609335000e+15 1.409783574079178925e-01 1.959148893946176972e+00 -1.259393771742753243e+00 3.564165036208186609e-22 2.352894779944663562e-42 4.281564651282726822e-27 9.858666940733857856e-27 nan nan nan nan
1.905460717962566250e+15 1.391033100793733490e-01 1.972538383934911099e+00 -1.251772642115243972e+00 9.143905682988449511e-23 5.529346644341542286e-43 1.053595282679094173e-27 2.425992791945730032e-27 nan nan nan nan
1.995262314968164750e+15 1.372455120730021738e-01 1.985983898048778284e+00 -1.244682004234367811e+00 2.246784288076901787e-23 1.244117362383040538e-43 2.482340488560472574e-28 5.715800204694900713e-28 nan nan nan nan
2.089296130853288750e+15 1.354048790774552702e-01 1.999485884607731245e+00 -1.236799787719769839e+00 5.279275812559438784e-24 2.678059051350657268e-44 5.595258414183556890e-29 1.288355861594856269e-28 nan nan nan nan
2.187761623948764500e+15 1.335805990999192616e-01 2.013050244742471406e+00 -1.228846176233981069e+00 1.183605316091820054e-24 5.500565691253735092e-45 1.203392652933412952e-29 2.770913983663034358e-29 nan nan nan nan
2.290867652766945500e+15 1.317732645404629810e-01 2.026672526196966029e+00 -1.221600242315381557e+00 2.529032189155965128e-25 1.076286554844122384e-45 2.465630053600377166e-30 5.677323006258338882e-30 nan nan nan nan
2.398832919018621500e+15 1.299831219500076906e-01 2.040350668109135235e+00 -1.213945455596565193e+00 5.142640579196984622e-26 2.004587683194731283e-46 4.808670923506792924e-31 1.107237398558065293e-30 nan nan nan nan
2.511886431508668000e+15 1.282092642357797463e-01 2.054091473176840044e+00 -1.205645484389503697e+00 9.926324018082927507e-27 3.545201030854512309e-47 8.905142366373992097e-32 2.050484806380247848e-31 nan nan nan nan
2.630267991894424000e+15 1.264519986940876861e-01 2.067892499790306982e+00 -1.198204096544008390e+00 1.815847296580989410e-27 5.939215538920629123e-48 1.562172852898492131e-32 3.597035923764048385e-32 nan nan nan nan
2.754228703337160500e+15 1.247118334953459390e-01 2.081749535085982039e+00 -1.190782441474923514e+00 3.143829287140582639e-28 9.416595534983331631e-49 2.593545771016763586e-33 5.971859830340948948e-33 nan nan nan nan
2.884031503125550000e+15 1.229880123402977005e-01 2.095668389007303123e+00 -1.182253034403443870e+00 5.137447999340331336e-29 1.410019227434301587e-49 4.066539871933275563e-34 9.363554089179477345e-34 nan nan nan nan
3.019951720400907500e+15 1.212804013687133614e-01 2.109650047654952232e+00 -1.174560409137959782e+00 7.906402996409698647e-30 1.987424228190896770e-50 6.001925217091544040e-35 1.381994353414004231e-34 nan nan nan nan
3.162277660167215000e+15 1.195896905953724443e-01 2.123688640216303547e+00 -1.167256320999012331e+00 1.144356479854494826e-30 2.633948207311431570e-51 8.329275574018423807e-36 1.917886577217424683e-35 nan nan nan nan
3.311311214824688500e+15 1.179154431816947374e-01 2.137787494590913440e+00 -1.158740333867180450e+00 1.553575160733755816e-31 3.276358951911761954e-52 1.084904414125668001e-36 2.498084731289202128e-36 nan nan nan nan
3.467368504524033000e+15 1.162570655037194756e-01 2.151951457834992087e+00 -1.150673434407827100e+00 1.972291483834215502e-32 3.810034211241521527e-53 1.321079262521791786e-37 3.041897416546245687e-37 nan nan nan nan
3.630780547699666000e+15 1.146152956717202825e-01 2.166174013523018083e+00 -1.143328358616891638e+00 2.337933371474663990e-33 4.135341708536987227e-54 1.501451823344719421e-38 3.457220586282280478e-38 nan nan nan nan
3.801893963204197500e+15 1.129900780224413481e-01 2.180455269236029281e+00 -1.135022394497320120e+00 2.581229287158271463e-34 4.182581120187373636e-55 1.590172991145222468e-39 3.661508624692742321e-39 nan nan nan nan
3.981071705533487500e+15 1.113805003559569518e-01 2.194803008498536379e+00 -1.126553483750759810e+00 2.644146263000939234e-35 3.925282711893958383e-56 1.562683194054079455e-40 3.598211027701245242e-40 nan nan nan nan
4.168693834701795000e+15 1.097871682348648126e-01 2.209211621627881872e+00 -1.119025649833158997e+00 2.508397408744160072e-36 3.409756644162708279e-57 1.421423150035456516e-41 3.272947756108281279e-41 nan nan nan nan
4.365158322400023000e+15 1.082103751401955194e-01 2.223678028625220016e+00 -1.111047593762125363e+00 2.198658067723831990e-37 2.737303021952066488e-58 1.194876106720479558e-42 2.751303911309338959e-42 nan nan nan nan
4.570881896147032000e+15 1.066491370231037739e-01 2.238210925770241388e+00 -1.102160123854945217e+00 1.772748584052140440e-38 2.022324681094462272e-59 9.243807272945996795e-44 2.128465282919539684e-43 nan nan nan nan
4.786300923224579000e+15 1.051037304725095656e-01 2.252807507223822725e+00 -1.094405597468790514e+00 1.311348224772689507e-39 1.369911995695901618e-60 6.556811049735719431e-45 1.509761538070010895e-44 nan nan nan nan
5.011872336270829000e+15 1.035747222283363439e-01 2.267461972863094477e+00 -1.086750008217085117e+00 8.880488217444685725e-41 8.494791621392129574e-62 4.257481112964043929e-46 9.803212544414707554e-46 nan nan nan nan
5.248074602495737000e+15 1.020613188214356398e-01 2.282181481409070845e+00 -1.077620077905414808e+00 5.480105826600462529e-42 4.803660817741039637e-63 2.520997033659065169e-47 5.804810189185572638e-47 nan nan nan nan
5.495408738574158000e+15 1.005633077367276002e-01 2.296967822075564492e+00 -1.069555746639825777e+00 3.069677718847900698e-43 2.464303615133311788e-64 1.354235562110349023e-48 3.118242617717702030e-48 nan nan nan nan
5.754399373369378000e+15 9.908144107509415932e-02 2.311813129905847308e+00 -1.062059422636671524e+00 1.557544175797059669e-44 1.144787811619079318e-65 6.587566265821731389e-50 1.516843188279157134e-49 nan nan nan nan
6.025595860741277000e+15 9.761528475963621165e-02 2.326721191680738432e+00 -1.053008319035181994e+00 7.126554922679912031e-46 4.799410528352995772e-67 2.891930821364191393e-51 6.658916799243214102e-51 nan nan nan nan
6.309573444799517000e+15 9.616413758845107629e-02 2.341698780954835968e+00 -1.044473886674801122e+00 2.924630900895548528e-47 1.804175793172356555e-68 1.138357967435040623e-52 2.621166086306926153e-52 nan nan nan nan
6.606934480073424000e+15 9.472878450763626279e-02 2.356737370300878709e+00 -1.036926855286682603e+00 1.074013770870532015e-48 6.065833694804509432e-70 4.007656578859508819e-54 9.227970296321421612e-54 nan nan nan nan
6.918309709186703000e+15 9.330920580352668192e-02 2.371836507148200823e+00 -1.028203267253257724e+00 3.514875993646221162e-50 1.818512613250318798e-71 1.258103346852816453e-55 2.896890011909212834e-55 nan nan nan nan
7.244359600747106000e+15 9.190437966766591693e-02 2.387006593871762838e+00 -1.019168687405726637e+00 1.018120210750547127e-51 4.826037796221778061e-73 3.496155324262764534e-57 8.050195132439205988e-57 nan nan nan nan
7.585775750288904000e+15 9.051492669818593517e-02 2.402240505985127950e+00 -1.011399917545802829e+00 2.602281242803367130e-53 1.129394977143498370e-74 8.567337030113241162e-59 1.972702253219462918e-58 nan nan nan nan
7.943282347239735000e+15 8.914119648144294694e-02 2.417533689056130974e+00 -1.003141979190041777e+00 5.847601590993421441e-55 2.324176631006882683e-76 1.846159120494409021e-60 4.250938470145424592e-60 nan nan nan nan
8.317637711023477000e+15 8.778212328686532673e-02 2.432897406282929609e+00 -9.935907838987476648e-01 1.146204230845171888e-56 4.174704006370185885e-78 3.472367547574545395e-62 7.995421752441441219e-62 nan nan nan nan
8.709635899557412000e+15 8.643794778681927748e-02 2.448328489101230687e+00 -9.855507329650753379e-01 1.950886968454614236e-58 6.506277906032108419e-80 5.666731162287447737e-64 1.304813070028789987e-63 nan nan nan nan
9.120108393555534000e+15 8.510930589494809795e-02 2.463818896914278689e+00 -9.777303520935081149e-01 2.873724766315667280e-60 8.774621702454268364e-82 8.002550103882772122e-66 1.842655257513842546e-65 nan nan nan nan
9.549925860210618000e+15 8.379536748409038838e-02 2.479377553641576082e+00 -9.679248513834094458e-01 3.633932716749825744e-62 1.016859180945758067e-83 9.710929788306483698e-68 2.236024216966633391e-67 nan nan nan nan
9.999999999996074000e+15 8.249583012120999259e-02 2.495007530904225224e+00 -9.594834313195229614e-01 3.917513816399358660e-64 1.003910114573891597e-85 1.003910114573497429e-69 2.311588464522879838e-69 nan nan nan nan
1.047128548050487400e+16 8.121151781001718917e-02 2.510698196922597880e+00 -9.518697315230835176e-01 3.589016597859787409e-66 8.419323755918987569e-88 8.816114260102425901e-72 2.029985327344407710e-71 nan nan nan nan
1.096478196142752400e+16 7.994200389807425144e-02 2.526453858486571669e+00 -9.422327058652958387e-01 2.772855599281527118e-68 5.960293985887141564e-90 6.535332398126028504e-74 1.504815895768602263e-73 nan nan nan nan
1.148153621496428600e+16 7.868646577450147395e-02 2.542284110717462742e+00 -9.331794839070852721e-01 1.788904680821421579e-70 3.522363172730027654e-92 4.044214032995631750e-76 9.312146945253072650e-76 nan nan nan nan
1.202264434616936200e+16 7.744574103824872213e-02 2.558177703453737628e+00 -9.254831830370054968e-01 9.602903056557102485e-73 1.730866896068561280e-94 2.080959710199040045e-78 4.791586807825519554e-78 nan nan nan nan
1.258925411793666800e+16 7.621985289976165867e-02 2.574133313481060448e+00 -9.163282304750572926e-01 4.259961659246496340e-75 7.033624280381444061e-97 8.854808343581142438e-81 2.038894969324923953e-80 nan nan nan nan
1.318256738555881800e+16 7.500765697075101324e-02 2.590165077713609598e+00 -9.066169612486566498e-01 1.542155485453042545e-77 2.333033804474685502e-99 3.075537534027419820e-83 7.081686878795205341e-83 nan nan nan nan
1.380384264602333400e+16 7.380978770585915061e-02 2.606263931428954628e+00 -8.986231244138797036e-01 4.532974605807316046e-80 6.278145873842282089e-102 8.666253775129951656e-86 1.995478675471760080e-85 nan nan nan nan
1.445439770745348600e+16 7.262665827109682226e-02 2.622423230733776922e+00 -8.901005328820760232e-01 1.075509498825521586e-82 1.364018247805104746e-104 1.971606223399882631e-88 4.539791099254858649e-88 nan nan nan nan
1.513561248435600400e+16 7.145711227978561453e-02 2.638657837505860027e+00 -8.797105072394052483e-01 2.030408803502541186e-85 2.360058762285132066e-107 3.572093486625662624e-91 8.225049213085377465e-91 nan nan nan nan
1.584893192460475600e+16 7.030134321378275764e-02 2.654964373466362826e+00 -8.713459020038502034e-01 3.025332864516801410e-88 3.219752046273262732e-110 5.102963099549180366e-94 1.175000676312063323e-93 nan nan nan nan
1.659586907436891000e+16 6.916006345879202599e-02 2.671331700602516790e+00 -8.633709104432710779e-01 3.539763544420329182e-91 3.448637581269235071e-113 5.723313778369249897e-97 1.317841698860046428e-96 nan nan nan nan
1.737800828748672600e+16 6.803240156225662250e-02 2.687771193730441599e+00 -8.526746881101838760e-01 3.204979590700943824e-94 2.861984512143143440e-116 4.973559057068219805e-100 1.145204294393080571e-99 nan nan nan nan
1.819700858609245600e+16 6.691794558756755662e-02 2.704288102863033227e+00 -8.437141043807543372e-01 2.216597765647748343e-97 1.812747858671779631e-119 3.298658834867108819e-103 7.595442660038113225e-103 nan nan nan nan
1.905460717962472800e+16 6.581759628087087421e-02 2.720868055719474654e+00 -8.359418309386285051e-01 1.165525286654582468e-100 8.724384509060333722e-123 1.662397197041477953e-106 3.827811004542792777e-106 nan nan nan nan
1.995262314968066800e+16 6.473093422109918449e-02 2.737516073945842177e+00 -8.254797233345140262e-01 4.596518225564497706e-104 3.153091803846650851e-126 6.291245251849906391e-110 1.448612753327916576e-109 nan nan nan nan
2.089296130853186400e+16 6.365699378710948375e-02 2.754246081191555895e+00 -8.156385671932251391e-01 1.334259342610893007e-107 8.385113005994343917e-130 1.751898416019071271e-113 4.033895177165395137e-113 nan nan nan nan
2.187761623948657200e+16 6.259666837775512693e-02 2.771043223094995067e+00 -8.076613652282098599e-01 2.834955994813629492e-111 1.630790327235406681e-133 3.567780494632295367e-117 8.215118182015246654e-117 nan nan nan nan
2.290867652766833200e+16 6.155003287321495625e-02 2.787904892262215828e+00 -7.978489557408322552e-01 4.358241256976629685e-115 2.296690842482918408e-137 5.261414759449923781e-121 1.211485519316824791e-120 nan nan nan nan
2.398832919018503600e+16 6.051581179577956299e-02 2.804850596095468607e+00 -7.870877928938326829e-01 4.732269183846791054e-119 2.285481932829968343e-141 5.482489296294564022e-125 1.262389812614727984e-124 nan nan nan nan
2.511886431508544400e+16 5.949466673842011832e-02 2.821868605096379490e+00 -7.787198868328752965e-01 3.598683832617641997e-123 1.591076966767281326e-145 3.996604644308505238e-129 9.202522276575534712e-129 nan nan nan nan
2.630267991894294800e+16 5.848711183777163120e-02 2.838948859481683851e+00 -7.698609764719548387e-01 1.899005390467049144e-127 7.687803994252516097e-150 2.022098477403950224e-133 4.656053810636293169e-133 nan nan nan nan
2.754228703337025600e+16 5.749193673117172082e-02 2.856110571774315599e+00 -7.583932668611172989e-01 6.769404149494606938e-132 2.512198970013299717e-154 6.919170511704341550e-138 1.593197887613440102e-137 nan nan nan nan
2.884031503125408400e+16 5.650934431182756679e-02 2.873349268454461480e+00 -7.498558585213940253e-01 1.606979341105601067e-136 5.459649975789350465e-159 1.574580252621436081e-142 3.625605017408917448e-142 nan nan nan nan
3.019951720400759200e+16 5.554023228048125815e-02 2.890647614892544848e+00 -7.422410991384310597e-01 2.524395732274759194e-141 7.848364557539278255e-164 2.370168204787308591e-147 5.457513976231715532e-147 nan nan nan nan
3.162277660167060000e+16 5.458381751323132525e-02 2.908017822702813948e+00 -7.312235316512313288e-01 2.558221421381881090e-146 7.289101667165356351e-169 2.305016336476347959e-152 5.307496255478186804e-152 nan nan nan nan
3.311311214824526400e+16 5.363972669117605258e-02 2.925465315824443024e+00 -7.229124850601437169e-01 1.634990803126564316e-151 4.264216081647531124e-174 1.412014653359456872e-157 3.251283891914640810e-157 nan nan nan nan
3.467368504523862800e+16 5.270914948719521848e-02 2.942966223946299476e+00 -7.169262963087305041e-01 6.570996713412961076e-157 1.567095088107332166e-179 5.433696152097411355e-163 1.251154775967860787e-162 nan nan nan nan
3.630780547699488000e+16 5.179190973313398116e-02 2.960521324672527932e+00 -7.080226189189774422e-01 1.628099369362845108e-162 3.554965602961394042e-185 1.290729995897301028e-168 2.972015647633391573e-168 nan nan nan nan
3.801893963204011200e+16 5.088712625197853306e-02 2.978145309773899463e+00 -7.005143492198271371e-01 2.409751996152454866e-168 4.814455978403345654e-191 1.830405112040314201e-174 4.214663525124123997e-174 nan nan nan nan
3.981071705533292000e+16 4.999600494810729073e-02 2.995812177784102914e+00 -6.964113010210222221e-01 2.127690393436542477e-174 3.883806100037681898e-197 1.546171057463761852e-180 3.560190428134898528e-180 nan nan nan nan
4.168693834701590400e+16 4.911891628502709772e-02 3.013511057987872555e+00 -6.907747188675250616e-01 1.107360800541908425e-180 1.847990000063482246e-203 7.703704519854830569e-187 1.773843518824858757e-186 nan nan nan nan
4.365158322399808800e+16 4.825463584619450741e-02 3.031263376098626505e+00 -6.842768241923868899e-01 3.265879797976576751e-187 4.984607951134275358e-210 2.175860288179404166e-193 5.010103463999625083e-193 nan nan nan nan
4.570881896146807200e+16 4.740399347468306213e-02 3.049048803309242217e+00 -6.817440849475626674e-01 5.427383200690366277e-194 7.563033604916886030e-217 3.456973338466452019e-200 7.959975276030713110e-200 nan nan nan nan
4.786300923224344000e+16 4.656768711498202734e-02 3.066848387919872909e+00 -6.792175702698042272e-01 5.055260721765240046e-201 6.431646319975770157e-224 3.078379471915248226e-207 7.088230682610933240e-207 nan nan nan nan
5.011872336270582400e+16 4.574442844848767425e-02 3.084685277223420563e+00 -6.731176166609421641e-01 2.525200271612779496e-208 2.937747236949742587e-231 1.472361410782375403e-214 3.390237435967180388e-214 nan nan nan nan
5.248074602495480000e+16 4.493430041066202862e-02 3.102553846911167312e+00 -6.710829737227379521e-01 6.633420205196697491e-216 7.044265118164644870e-239 3.696882885988469170e-222 8.512387423821855938e-222 nan nan nan nan
5.495408738573888000e+16 4.413817565254399278e-02 3.120430209942355759e+00 -6.702776806900259121e-01 9.154321425416504793e-224 8.868996532413106385e-247 4.873876104660449780e-230 1.122251446369104050e-229 nan nan nan nan
5.754399373369095200e+16 4.335502655202187056e-02 3.138332629720451017e+00 -6.642322517158457673e-01 6.354233666516625578e-232 5.629074626156863820e-255 3.239194350140493240e-238 7.458520623944035416e-238 nan nan nan nan
6.025595860740980800e+16 4.258405630468439784e-02 3.156275360909746475e+00 -6.609682953967913610e-01 2.125429545968055252e-240 1.719598230366466990e-263 1.036160397903369899e-246 2.385847486163078355e-246 nan nan nan nan
6.309573444799207200e+16 4.182621350231762597e-02 3.174232018726970583e+00 -6.600593533278718006e-01 3.427300005550423458e-249 2.529887042470965024e-272 1.596250810151640564e-255 3.675503320134836275e-255 nan nan nan nan
6.606934480073100000e+16 4.108095607182003089e-02 3.192210620779260655e+00 -6.540185310283350706e-01 2.566549459754880829e-258 1.732281162420610291e-281 1.144506814117783996e-264 2.635324329017717024e-264 nan nan nan nan
6.918309709186363200e+16 4.034680198363495979e-02 3.210243144318327690e+00 -6.482123261875591957e-01 8.327127143147415839e-268 5.138513159383326054e-291 3.554982548134355878e-274 8.185649821188155617e-274 nan nan nan nan
7.244359600746750400e+16 3.962459298966333754e-02 3.228305318391682555e+00 -6.456804740632433592e-01 1.165318220411297075e-277 6.565292941768541819e-301 4.756134295441581354e-284 1.095140392896152552e-283 nan nan nan nan
7.585775750288531200e+16 3.891435106678404338e-02 3.246392174367437544e+00 -6.397874797040201678e-01 6.845954135640645828e-288 3.526381241379786420e-311 2.675033730713115195e-294 6.159492791596267999e-294 nan nan nan nan
7.943282347239345600e+16 3.821430241905789116e-02 3.264545424567259602e+00 -6.308309462354436681e-01 1.540406583191093546e-298 7.262764993866324199e-322 5.769019296792624990e-305 1.328365783398969107e-304 nan nan nan nan
8.317637711023068800e+16 3.752494559935459773e-02 3.282749351181061481e+00 -6.260694157093829038e-01 1.301641296196118965e-309 0.000000000000000000e+00 0.000000000000000000e+00 0.000000000000000000e+00 nan nan nan nan
8.709635899556984000e+16 3.684680314876707941e-02 3.300986417196432932e+00 -6.204117666431008260e-01 4.076041578190283989e-321 0.000000000000000000e+00 0.000000000000000000e+00 0.000000000000000000e+00 nan nan nan nan
9.120108393555086400e+16 3.617828115006418987e-02 3.319296308433642206e+00 -6.084846634959681921e-01 0.000000000000000000e+00 0.000000000000000000e+00 0.000000000000000000e+00 0.000000000000000000e+00 nan nan nan nan
9.549925860210150400e+16 3.551924745087566004e-02 3.337680547713360202e+00 -6.013685235074975877e-01 0.000000000000000000e+00 0.000000000000000000e+00 0.000000000000000000e+00 0.000000000000000000e+00 nan nan nan nan
