# [1] m:            [M_sun/h] 
# [2] sigma 
# [3] ln(1/sigma) 
# [4] n_eff 
# [5] f(sigma) 
# [6] dn/dm:        [h^4/(Mpc^3*M_sun)] 
# [7] dn/dlnm:      [h^3/Mpc^3] 
# [8] dn/dlog10m:   [h^3/Mpc^3] 
# [9] n(>m):        [h^3/Mpc^3] 
# [11] rho(>m):     [M_sun*h^2/Mpc^3] 
# [11] rho(<m):     [M_sun*h^2/Mpc^3] 
# [12] Lbox(N=1):   [Mpc/h]
1.000000000000000000e+08 1.067173762839139117e+00 -6.501381083122088900e-02 -2.515308955417428827e+00 2.605003864409475289e-01 1.585687252694112204e-07 1.585687252694112281e+01 3.651179830204145560e+01 nan nan nan nan
1.047128548050898463e+08 1.063206083291178938e+00 -6.128895008147311474e-02 -2.514074617330376960e+00 2.594877855244547282e-01 1.444211080128774829e-07 1.512274651414263715e+01 3.482141068859250765e+01 nan nan nan nan
1.096478196143182814e+08 1.059243046806322530e+00 -5.755454624178542311e-02 -2.512828306178043647e+00 2.584640625054827057e-01 1.315304724965570301e-07 1.442202952208853795e+01 3.320795018828111012e+01 nan nan nan nan
1.148153621496879309e+08 1.055284730229772538e+00 -5.381061698894497314e-02 -2.511591878762228447e+00 2.574291936767404976e-01 1.197801467021359755e-07 1.375260092194849015e+01 3.166653387277476384e+01 nan nan nan nan
1.202264434617408216e+08 1.051331219453164767e+00 -5.005718920473400946e-02 -2.510348212483964225e+00 2.563831600085327844e-01 1.090739416828157835e-07 1.311357208287826737e+01 3.019511559393837885e+01 nan nan nan nan
1.258925411794161052e+08 1.047382429225335754e+00 -4.629412711182186863e-02 -2.509084975125667416e+00 2.553258988259123341e-01 9.932197828126294857e-08 1.250389624079496720e+01 2.879128508839878009e+01 nan nan nan nan
1.318256738556399345e+08 1.043438382904522177e+00 -4.252139730536512452e-02 -2.507830941456313134e+00 2.542573773854984176e-01 9.043406186582147204e-08 1.192153114496454691e+01 2.745033990005960689e+01 nan nan nan nan
1.380384264602875412e+08 1.039499196704526396e+00 -3.873905554461360562e-02 -2.506576372009171827e+00 2.531775903088138713e-01 8.233592552793720923e-08 1.136552160102787212e+01 2.617008061262859897e+01 nan nan nan nan
1.445439770745916069e+08 1.035564819481323839e+00 -3.494699717233034492e-02 -2.505298897524887991e+00 2.520864885514005338e-01 7.496121454269236893e-08 1.083519207634246939e+01 2.494895175471337367e+01 nan nan nan nan
1.513561248436194658e+08 1.031635214393202604e+00 -3.114513014736969634e-02 -2.504025475483429908e+00 2.509840280284038050e-01 6.824166622055249282e-08 1.032879415201455231e+01 2.378292744303278639e+01 nan nan nan nan
1.584893192461097836e+08 1.027710509427296026e+00 -2.733352175919578214e-02 -2.502757449549318114e+00 2.498702128581321569e-01 6.211935527650663232e-08 9.845254329780773972e+00 2.266953585648829517e+01 nan nan nan nan
1.659586907437542677e+08 1.023790702799990182e+00 -2.351211392958145810e-02 -2.501468314014403838e+00 2.487450130574418161e-01 5.654462351097805507e-08 9.384071686480423224e+00 2.160762357687731949e+01 nan nan nan nan
1.737800828749355078e+08 1.019875709638098371e+00 -1.968076657548169239e-02 -2.500174582073259710e+00 2.476083761192173494e-01 5.146687949980058977e-08 8.943918584789665616e+00 2.059413360628908762e+01 nan nan nan nan
1.819700858609960079e+08 1.015965644827882430e+00 -1.583953443879405898e-02 -2.498890403617376688e+00 2.464603092175819410e-01 4.684075387738397049e-08 8.523616004861342077e+00 1.962635115119919149e+01 nan nan nan nan
1.905460717963221073e+08 1.012060559021706441e+00 -1.198841000541668589e-02 -2.497591125212562879e+00 2.453008037394924234e-01 4.262853827965872296e-08 8.122700515608116234e+00 1.870320912209430020e+01 nan nan nan nan
1.995262314968850315e+08 1.008160346355828185e+00 -8.127230763989624213e-03 -2.496277116387093820e+00 2.441298064339051110e-01 3.879329376205173915e-08 7.740279711693800913e+00 1.782265267975039791e+01 nan nan nan nan
2.089296130854006708e+08 1.004265082535039433e+00 -4.256012850015779107e-03 -2.494974818126038496e+00 2.429473200657000787e-01 3.529956178108261205e-08 7.375123785005786914e+00 1.698185008634014892e+01 nan nan nan nan
2.187761623949516118e+08 1.000374863568699757e+00 -3.747933249061917416e-04 -2.493665271822218976e+00 2.417533567419997143e-01 3.211843649910784136e-08 7.026748279400758079e+00 1.617968584036974633e+01 nan nan nan nan
2.290867652767732441e+08 9.964895959247633828e-01 3.516580001188830337e-03 -2.492332652455933939e+00 2.405478728652208353e-01 2.922300816617683190e-08 6.694604412446179431e+00 1.541489632359073525e+01 nan nan nan nan
2.398832919019445777e+08 9.926092949954072875e-01 7.418151581479439684e-03 -2.491010466691205849e+00 2.393308601262797430e-01 2.658592166970983428e-08 6.377518408377238046e+00 1.468477881742454194e+01 nan nan nan nan
2.511886431509530842e+08 9.887340884914851413e-01 1.132985257945883818e-02 -2.489688727749388431e+00 2.381023484856138739e-01 2.418482827818917726e-08 6.074954200037140595e+00 1.398809898162708976e+01 nan nan nan nan
2.630267991895327568e+08 9.848639230221569729e-01 1.525179656961441095e-02 -2.488340752665797684e+00 2.368623136363526005e-01 2.199991294123703025e-08 5.786566683381955123e+00 1.332406218477128768e+01 nan nan nan nan
2.754228703338106871e+08 9.809987485076298031e-01 1.918409514885191167e-02 -2.486996708466756800e+00 2.356107340306958509e-01 2.001056685603069067e-08 5.511367760494590762e+00 1.269039324732282381e+01 nan nan nan nan
2.884031503126540780e+08 9.771387029377289757e-01 2.312666880940850156e-02 -2.485659842540461462e+00 2.343476517727516306e-01 1.819932191981352479e-08 5.248741775228360495e+00 1.208567456861592859e+01 nan nan nan nan
3.019951720401945114e+08 9.732837884567810960e-01 2.707957595391416450e-02 -2.484299448456251724e+00 2.330730682501705453e-01 1.655136655084122017e-08 4.998432789021615363e+00 1.150931682833382474e+01 nan nan nan nan
3.162277660168301463e+08 9.694339049876393721e-01 3.104298095281342665e-02 -2.482932715939598634e+00 2.317869531767055291e-01 1.505151494490865183e-08 4.759706946197395538e+00 1.095963026133433615e+01 nan nan nan nan
3.311311214825826287e+08 9.655891729679785263e-01 3.501682201232234753e-02 -2.481577724672686003e+00 2.304893523859111726e-01 1.368606785807885654e-08 4.531882998532378970e+00 1.043504623561381273e+01 nan nan nan nan
3.467368504525224566e+08 9.617496520054340525e-01 3.900109918454290614e-02 -2.480206547840943188e+00 2.291802952887335709e-01 1.244377776954145368e-08 4.314716311541918259e+00 9.935001459454674944e+00 nan nan nan nan
3.630780547700913548e+08 9.579152231202854306e-01 4.299599853846031161e-02 -2.478817359461825465e+00 2.278597531479279181e-01 1.131362375865554143e-08 4.107728506693343107e+00 9.458394425578784848e+00 nan nan nan nan
3.801893963205503821e+08 9.540859606327311004e-01 4.700150610806273777e-02 -2.477442093342166807e+00 2.265277660719123287e-01 1.028489904205032368e-08 3.910209558014919651e+00 9.003590238767991139e+00 nan nan nan nan
3.981071705534855127e+08 9.502619728098806728e-01 5.101757155007993760e-02 -2.476059821076940892e+00 2.251843901725818498e-01 9.348978335942717724e-09 3.721895312887988805e+00 8.569980665140294107e+00 nan nan nan nan
4.168693834703227282e+08 9.464431583880458243e-01 5.504436466537498962e-02 -2.474650431816937779e+00 2.238296114342136489e-01 8.497870096002476986e-09 3.542501867731444598e+00 8.156911992541989065e+00 nan nan nan nan
4.365158322401522398e+08 9.426295237577850816e-01 5.908194336431980137e-02 -2.473252861906702016e+00 2.224634563376212404e-01 7.723337842132771288e-09 3.371359245830447993e+00 7.762841542576838449e+00 nan nan nan nan
4.570881896148602366e+08 9.388212098351453871e-01 6.313022276458110649e-02 -2.471857108462265362e+00 2.210860035687412239e-01 7.018702841984146973e-09 3.208166175487208172e+00 7.387075611524565488e+00 nan nan nan nan
4.786300923226223588e+08 9.350181623419717702e-01 6.718932491743652424e-02 -2.470431405218440180e+00 2.196972654575193307e-01 6.378095840714666892e-09 3.052748601083794533e+00 7.029213421513972548e+00 nan nan nan nan
5.011872336272550821e+08 9.312203167488742883e-01 7.125938442845607124e-02 -2.469009371830007016e+00 2.182972531699525487e-01 5.795344995257494694e-09 2.904552926088661557e+00 6.687980269423988489e+00 nan nan nan nan
5.248074602497540712e+08 9.274278219172199522e-01 7.534030756402530782e-02 -2.467596720570812696e+00 2.168860602162309692e-01 5.265220083496934666e-09 2.763226779676024147e+00 6.362564791443956480e+00 nan nan nan nan
5.495408738576046228e+08 9.236406857321790564e-01 7.943215122453743671e-02 -2.466158012431885371e+00 2.154637325279077087e-01 4.783338057116982525e-09 2.628639775864403116e+00 6.052666762756584440e+00 nan nan nan nan
5.754399373371354342e+08 9.198587921755060348e-01 8.353510748510434292e-02 -2.464710797397805297e+00 2.140302725961250596e-01 4.345180835118594724e-09 2.500390587479166093e+00 5.757362093392152325e+00 nan nan nan nan
6.025595860743346214e+08 9.160822671289958752e-01 8.764910706460159184e-02 -2.463277905994488926e+00 2.125857779604360953e-01 3.946643037691212588e-09 2.378087595174371849e+00 5.475749046482567550e+00 nan nan nan nan
6.309573444801684618e+08 9.123111809364391478e-01 9.177413993858493657e-02 -2.461827884070452388e+00 2.111303301646858810e-01 3.584396020216223980e-09 2.261600994480912785e+00 5.207528736192259089e+00 nan nan nan nan
6.606934480075694323e+08 9.085454017479996924e-01 9.591041798842653288e-02 -2.460355992890875143e+00 2.096639365158862733e-01 3.255181896390672782e-09 2.150677351018172256e+00 4.952117608294366313e+00 nan nan nan nan
6.918309709189080000e+08 9.047850015426118775e-01 1.000579308620354185e-01 -2.458900513103595920e+00 2.081866868864215847e-01 2.955794545836915770e-09 2.044910210483166235e+00 4.708579767169855046e+00 nan nan nan nan
7.244359600749595165e+08 9.010301022037129348e-01 1.042166121608464752e-01 -2.457438569341137580e+00 2.066986960447396993e-01 2.683680570771259312e-09 1.944154710821192511e+00 4.476581655611028054e+00 nan nan nan nan
7.585775750291509628e+08 8.972805959831734457e-01 1.083866498053226574e-01 -2.455944964203221836e+00 2.051999923769363410e-01 2.436488367664154558e-09 1.848265437529408750e+00 4.255788444351334299e+00 nan nan nan nan
7.943282347242463827e+08 8.935364790115395417e-01 1.125681181186434093e-01 -2.454464584827261042e+00 2.036906490561770922e-01 2.211761066835726685e-09 1.756864263851438679e+00 4.045329464358281335e+00 nan nan nan nan
8.317637711026334763e+08 8.897979060135575713e-01 1.167609139355566955e-01 -2.452987765001009457e+00 2.021708082414005736e-01 2.007518957434735522e-09 1.669781538595942694e+00 3.844814079327679934e+00 nan nan nan nan
8.709635899560405016e+08 8.860648236442406622e-01 1.209651666694202543e-01 -2.451477017196849406e+00 2.006405329238979407e-01 1.822039002246338550e-09 1.586929630436393124e+00 3.654040510673389086e+00 nan nan nan nan
9.120108393558667898e+08 8.823371520879185192e-01 1.251810374144700089e-01 -2.449969425324384886e+00 1.990998788436691147e-01 1.653491606347679525e-09 1.508002267773027594e+00 3.472303541975388708e+00 nan nan nan nan
9.549925860213899612e+08 8.786150507771670615e-01 1.294084171783869974e-01 -2.448473750658699988e+00 1.975490052989186396e-01 1.500324501955962684e-09 1.432798775994178708e+00 3.299141102864310948e+00 nan nan nan nan
9.999999999999508858e+08 8.748985351268750987e-01 1.336473592033863844e-01 -2.446949531305767422e+00 1.959880176217916325e-01 1.361251753939222435e-09 1.361251753939155540e+00 3.134397996432298328e+00 nan nan nan nan
1.047128548050847054e+09 8.711874733201530052e-01 1.378980861167223015e-01 -2.445414153204429120e+00 1.944169634771257260e-01 1.234943547515145895e-09 1.293144643834297058e+00 2.977575579977947307e+00 nan nan nan nan
1.096478196143129110e+09 8.674819956540877897e-01 1.421605216657320925e-01 -2.443895943393265213e+00 1.928360058366649643e-01 1.120181402397755043e-09 1.228254483454171098e+00 2.828160464004676466e+00 nan nan nan nan
1.148153621496823072e+09 8.637821844158644069e-01 1.464346433315009965e-01 -2.442359916843289902e+00 1.912452935432525647e-01 1.015988768501139657e-09 1.166511183954680897e+00 2.685991262984883665e+00 nan nan nan nan
1.202264434617349148e+09 8.600878961768226860e-01 1.507206901003735611e-01 -2.440797613328138382e+00 1.896448833099737830e-01 9.214129538597517468e-10 1.107782024021296108e+00 2.550762374798208665e+00 nan nan nan nan
1.258925411794099331e+09 8.563991991742927468e-01 1.550186573741310359e-01 -2.439254337778548276e+00 1.880349277383421280e-01 8.355041621405664936e-10 1.051837421378496673e+00 2.421945166719423170e+00 nan nan nan nan
1.318256738556334734e+09 8.527162292618226669e-01 1.593284606231556988e-01 -2.437705471802494195e+00 1.864156152625595364e-01 7.575133890634407866e-10 9.985971296795272956e-01 2.299354864706721457e+00 nan nan nan nan
1.380384264602807522e+09 8.490388742753502971e-01 1.636503054088536413e-01 -2.436120012282957603e+00 1.847870310015409523e-01 6.867558012850927238e-10 9.479869017186345337e-01 2.182820508250939540e+00 nan nan nan nan
1.445439770745845318e+09 8.453671189559137655e-01 1.679842856726573574e-01 -2.434549062347124870e+00 1.831493072823028589e-01 6.225071964906905844e-10 8.997966593831426829e-01 2.071858374621465604e+00 nan nan nan nan
1.513561248436120510e+09 8.417011312641120568e-01 1.723302787425657623e-01 -2.432983735514100854e+00 1.815026641661204310e-01 5.641864975883428408e-10 8.539308196406144580e-01 1.966248375752666089e+00 nan nan nan nan
1.584893192461020231e+09 8.380408609552912891e-01 1.766884195989420481e-01 -2.431380393011945085e+00 1.798472301871847923e-01 5.112928882362124479e-10 8.103446179193063426e-01 1.865887437408950689e+00 nan nan nan nan
1.659586907437461376e+09 8.343862127068796264e-01 1.810588990336250703e-01 -2.429779351426644585e+00 1.781831181366834160e-01 4.632907848383908717e-10 7.688713208542193867e-01 1.770391641829567542e+00 nan nan nan nan
1.737800828749269724e+09 8.307373552254280202e-01 1.854415927775933670e-01 -2.428192969917126298e+00 1.765105666256856221e-01 4.197245450939661722e-10 7.293976623107046864e-01 1.679500184101333726e+00 nan nan nan nan
1.819700858609870911e+09 8.270943130202199622e-01 1.898365481146854494e-01 -2.426575748233765761e+00 1.748297551735925603e-01 3.802205392563707635e-10 6.918876417459259853e-01 1.593130169910974114e+00 nan nan nan nan
1.905460717963127375e+09 8.234569394762908390e-01 1.942440203778703078e-01 -2.424944198541264306e+00 1.731407895504927796e-01 3.443923931699753450e-10 6.562261767507008292e-01 1.511016612218639699e+00 nan nan nan nan
1.995262314968752384e+09 8.198253676525933953e-01 1.986639276817011579e-01 -2.423332789424627265e+00 1.714439106435392823e-01 3.118828469709499423e-10 6.222880912463026881e-01 1.432871282451455119e+00 nan nan nan nan
2.089296130853904009e+09 8.161996922992724723e-01 2.030962330023278473e-01 -2.421703223189869636e+00 1.697393486312776534e-01 2.824083090820468398e-10 5.900345874861139261e-01 1.358604845496417246e+00 nan nan nan nan
2.187761623949408531e+09 8.125797604874633873e-01 2.075412028424839239e-01 -2.420042456173239209e+00 1.680272231305964814e-01 2.556936952505841222e-10 5.593968539550431274e-01 1.288058856984649614e+00 nan nan nan nan
2.290867652767620087e+09 8.089656351465626116e-01 2.119988410130599077e-01 -2.418403340038780325e+00 1.663077609598109519e-01 2.314614065047492209e-10 5.302474490258267670e-01 1.220939871724988857e+00 nan nan nan nan
2.398832919019328117e+09 8.053574655930086923e-01 2.164690434902667160e-01 -2.416759839018687739e+00 1.645812370743335862e-01 2.094941552933491283e-10 5.025414760598331254e-01 1.157144511386595909e+00 nan nan nan nan
2.511886431509407520e+09 8.017551377850794525e-01 2.209520322160226924e-01 -2.415074525154801144e+00 1.628478069821525376e-01 1.895948857492787172e-10 4.762408209971895623e-01 1.096585015103374472e+00 nan nan nan nan
2.630267991895198822e+09 7.981586242059320879e-01 2.254479240854821709e-01 -2.413404782306518115e+00 1.611076730172772420e-01 1.715532343635105794e-10 4.512309812524373798e-01 1.038997730928938212e+00 nan nan nan nan
2.754228703337971687e+09 7.945681047147660214e-01 2.299565764591646189e-01 -2.411742983732529488e+00 1.593611444957673262e-01 1.552007170365194406e-10 4.274582696406163951e-01 9.842590395515126156e-01 nan nan nan nan
2.884031503126399040e+09 7.909835343542844788e-01 2.344781276709867190e-01 -2.410039098004094882e+00 1.576084285094510040e-01 1.403934470197875291e-10 4.048991240375742762e-01 9.323146871752656661e-01 nan nan nan nan
3.019951720401796818e+09 7.874048025742264034e-01 2.390128012096343346e-01 -2.408336252139363420e+00 1.558497055558238364e-01 1.269770151259125536e-10 3.834644552809846063e-01 8.829595384230770616e-01 nan nan nan nan
3.162277660168146610e+09 7.838320855476849092e-01 2.435604581681526937e-01 -2.406650924442655715e+00 1.540853032296227165e-01 1.148195009507757227e-10 3.630911428082933545e-01 8.360482528285485548e-01 nan nan nan nan
3.311311214825664043e+09 7.802654180557552221e-01 2.481211376217977160e-01 -2.404932752068240198e+00 1.523154867259210177e-01 1.038136062652597769e-10 3.437591586776505004e-01 7.915347143513328243e-01 nan nan nan nan
3.467368504525054455e+09 7.767046402345363365e-01 2.526951292798838011e-01 -2.403196530722943258e+00 1.505404305532011267e-01 9.384878627618710342e-11 3.254083257219543279e-01 7.492803599435229334e-01 nan nan nan nan
3.630780547700735569e+09 7.731498860385550564e-01 2.572823474595895554e-01 -2.401483489789156600e+00 1.487604615195356750e-01 8.482186546858059635e-11 3.079695791630111534e-01 7.091261620763992246e-01 nan nan nan nan
3.801893963205317020e+09 7.696012626806240098e-01 2.618827389347096468e-01 -2.399752331440067721e+00 1.469759004366891775e-01 7.665152133698249320e-11 2.914209562415772670e-01 6.710215496279259284e-01 nan nan nan nan
3.981071705534659863e+09 7.660586101836976969e-01 2.664965975685109068e-01 -2.397984547927128673e+00 1.451869401006175841e-01 6.925950102276393740e-11 2.757270398611743611e-01 6.348849717197151410e-01 nan nan nan nan
4.168693834703022480e+09 7.625219846417736758e-01 2.711239385991334738e-01 -2.396240992149847315e+00 1.433938880623610579e-01 6.256600591820613699e-11 2.608185231332187382e-01 6.005568433432721953e-01 nan nan nan nan
4.365158322401308060e+09 7.589915478870732368e-01 2.757646375021695628e-01 -2.394494566751905307e+00 1.415971125511695239e-01 5.650886823057343543e-11 2.466701564461665219e-01 5.679790251194521966e-01 nan nan nan nan
4.570881896148377419e+09 7.554671865477482484e-01 2.804189309753148396e-01 -2.392700882273254503e+00 1.397968484636318842e-01 5.103218912098457447e-11 2.332621093739285778e-01 5.371058558047546727e-01 nan nan nan nan
4.786300923225988388e+09 7.519488601943348227e-01 2.850869624054711560e-01 -2.390923539515817264e+00 1.379933735811335604e-01 4.607594115043552545e-11 2.205333196668358697e-01 5.077967343733469363e-01 nan nan nan nan
5.011872336272304535e+09 7.484367589769314044e-01 2.897685690367453049e-01 -2.389156679068142441e+00 1.361870904570353646e-01 4.159201285553984730e-11 2.084538586405622063e-01 4.799827474828466389e-01 nan nan nan nan
5.248074602497282982e+09 7.449308451044355239e-01 2.944638902742919284e-01 -2.387343746416551227e+00 1.343782913316086403e-01 3.753964427426664887e-11 1.970108537025613560e-01 4.536342548935486385e-01 nan nan nan nan
5.495408738575776100e+09 7.414309933830702803e-01 2.991731852775543210e-01 -2.385530123792744650e+00 1.325672290643085394e-01 3.387512785732451029e-11 1.861576736475128169e-01 4.286438842872135613e-01 nan nan nan nan
5.754399373371071815e+09 7.379373855794738590e-01 3.038963013693152804e-01 -2.383736976412770048e+00 1.307543214328089343e-01 3.056091332153597962e-11 1.758597004670942876e-01 4.049319247539293620e-01 nan nan nan nan
6.025595860743050575e+09 7.344500675120994027e-01 3.086332672827358792e-01 -2.381909302732609923e+00 1.289399224990027681e-01 2.756663649590925114e-11 1.661054107643590849e-01 3.824718426916659531e-01 nan nan nan nan
6.309573444801375389e+09 7.309688678455635857e-01 3.133844085858336626e-01 -2.380059258682467593e+00 1.271242791574215547e-01 2.486124360812127143e-11 1.568638424745399107e-01 3.611923453116418492e-01 nan nan nan nan
6.606934480075369835e+09 7.274939195847687223e-01 3.181496379304981081e-01 -2.378235518735515530e+00 1.253078026992194283e-01 2.241548763601356138e-11 1.480976581500811351e-01 3.410074599637050174e-01 nan nan nan nan
6.918309709188739777e+09 7.240253421100283360e-01 3.229288842946045346e-01 -2.376394061339956565e+00 1.234909037661028469e-01 2.020642014479921855e-11 1.397942726757113729e-01 3.218882083490378632e-01 nan nan nan nan
7.244359600749238968e+09 7.205629708202979655e-01 3.277224685825715911e-01 -2.374510044376722195e+00 1.216738500753283964e-01 1.821217261799189385e-11 1.319355275556519658e-01 3.037927789859493632e-01 nan nan nan nan
7.585775750291137695e+09 7.171068535345473949e-01 3.325304208466451916e-01 -2.372652777261897494e+00 1.198570261862240971e-01 1.641026692674546373e-11 1.244846049087104112e-01 2.866363955700500510e-01 nan nan nan nan
7.943282347242074013e+09 7.136571635877669850e-01 3.373525950000843543e-01 -2.370794442351295217e+00 1.180408885678323055e-01 1.478322502222732872e-11 1.174273303543656582e-01 2.703864203840495861e-01 nan nan nan nan
8.317637711025926590e+09 7.102137905267139617e-01 3.421892408544156550e-01 -2.368883200943718847e+00 1.162257499554517209e-01 1.331546278219153841e-11 1.107531953769185368e-01 2.550186566763497087e-01 nan nan nan nan
8.709635899559976578e+09 7.067766805450375056e-01 3.470405320845023067e-01 -2.366988735457221438e+00 1.144119580591090313e-01 1.199021647781008134e-11 1.044304198786302623e-01 2.404599280676431305e-01 nan nan nan nan
9.120108393558219910e+09 7.033460325949615344e-01 3.519062855209187379e-01 -2.365107515867667320e+00 1.125999992954221096e-01 1.079400813930474947e-11 9.844252423140899266e-02 2.266722888119474810e-01 nan nan nan nan
9.549925860213432312e+09 6.999218175134974684e-01 3.567866394428750865e-01 -2.363176346341658185e+00 1.107902448725358452e-01 9.715493730806646709e-12 9.278224482457186895e-02 2.136390138275831574e-01 nan nan nan nan
9.999999999999017715e+09 6.965038961938962991e-01 3.616818918168369090e-01 -2.361242218390417147e+00 1.089830127147961847e-01 8.742571257037872261e-12 8.742571257037012877e-02 2.013051425089164292e-01 nan nan nan nan
1.047128548050795746e+10 6.930924542723149173e-01 3.665918770424143047e-01 -2.359331668157909512e+00 1.071787972136566125e-01 7.864775023184106207e-12 8.235430450772936173e-02 1.896277939033899906e-01 nan nan nan nan
1.096478196143075180e+10 6.896875490288134625e-01 3.715166114426367572e-01 -2.357385216000281059e+00 1.053780295237847220e-01 7.073672578322178636e-12 7.756127748785437981e-02 1.785914413371081644e-01 nan nan nan nan
1.148153621496766663e+10 6.862889994219542045e-01 3.764564580143786587e-01 -2.355411409047437843e+00 1.035810191501922162e-01 6.360730008551144472e-12 7.303095194681155644e-02 1.681599812798927895e-01 nan nan nan nan
1.202264434617290115e+10 6.828969357970120502e-01 3.814113300700979203e-01 -2.353467181101124517e+00 1.017882444955221510e-01 5.717844851145909874e-12 6.874361507192321141e-02 1.582880233031312145e-01 nan nan nan nan
1.258925411794037437e+10 6.795114893412340651e-01 3.863811370110986632e-01 -2.351505963623478301e+00 1.000001882829260197e-01 5.138672877246082935e-12 6.469205868061876641e-02 1.489589699530888267e-01 nan nan nan nan
1.318256738556269836e+10 6.761324930156078494e-01 3.913662265585797218e-01 -2.349495714343555530e+00 9.821717946200715643e-02 4.617232966485042970e-12 6.086698471553063372e-02 1.401514116614772654e-01 nan nan nan nan
1.380384264602739906e+10 6.727599850722310038e-01 3.963666473117526401e-01 -2.347514702399822184e+00 9.643965904291811053e-02 4.147348819826651922e-12 5.724935050707453954e-02 1.318215010611809568e-01 nan nan nan nan
1.445439770745774269e+10 6.693941495049976487e-01 4.013822301519811564e-01 -2.345534708375209387e+00 9.466814793867069089e-02 3.724214337825060595e-12 5.383127518673980899e-02 1.239510917818473640e-01 nan nan nan nan
1.513561248436046219e+10 6.660348806082979634e-01 4.064132365274478187e-01 -2.343495946996812407e+00 9.290301740060305513e-02 3.343577536358465277e-12 5.060709390173438738e-02 1.165271400178834876e-01 nan nan nan nan
1.584893192460942268e+10 6.626821108564472373e-01 4.114598745839116445e-01 -2.341474016061706909e+00 9.114466184937922155e-02 3.000877874143160861e-12 4.756070914136160260e-02 1.095125798811248802e-01 nan nan nan nan
1.659586907437379837e+10 6.593360467462476837e-01 4.165219400874108913e-01 -2.339468367915761071e+00 8.939362179743468029e-02 2.692429379861488803e-12 4.468320548017870597e-02 1.028868828458493478e-01 nan nan nan nan
1.737800828749184418e+10 6.559966688152074621e-01 4.215995680765396991e-01 -2.337408985715683674e+00 8.765032116084270353e-02 2.415145062201386022e-12 4.197041090643069405e-02 9.664044249998203495e-02 nan nan nan nan
1.819700858609781647e+10 6.526638248212049964e-01 4.266930987758002503e-01 -2.335343770066045099e+00 8.591511680029054188e-02 2.165762512441762213e-12 3.941039903435152730e-02 9.074579732544477140e-02 nan nan nan nan
1.905460717963034058e+10 6.493377027919384759e-01 4.318023543247111462e-01 -2.333305472584254137e+00 8.418854448865355222e-02 1.941440382854723394e-12 3.699338385796788892e-02 8.518041421076343045e-02 nan nan nan nan
1.995262314968654251e+10 6.460183717060410391e-01 4.369273364304826490e-01 -2.331230172041804050e+00 8.247107858179213158e-02 1.739892889596361653e-12 3.471542714693538062e-02 7.993522504545422236e-02 nan nan nan nan
2.089296130853801727e+10 6.427056424376956789e-01 4.420684473720856711e-01 -2.329121793530910978e+00 8.076306099645455538e-02 1.558836701233675223e-12 3.256871488520421409e-02 7.499223739264451738e-02 nan nan nan nan
2.187761623949301147e+10 6.393996411392153245e-01 4.472256036026978077e-01 -2.327046511095557157e+00 7.906499731741611914e-02 1.396090195355068523e-12 3.054312552969701625e-02 7.032814553812621883e-02 nan nan nan nan
2.290867652767507553e+10 6.361005105040336005e-01 4.523986927445901030e-01 -2.324955275634710272e+00 7.737740080707404544e-02 1.249944851951447500e-12 2.863458229078842329e-02 6.593356232688071805e-02 nan nan nan nan
2.398832919019210052e+10 6.328080828954044668e-01 4.575880893874434974e-01 -2.322807935089893139e+00 7.570062558902480865e-02 1.118807828575924318e-12 2.683833049244328459e-02 6.179753971274745683e-02 nan nan nan nan
2.511886431509284210e+10 6.295223858300067477e-01 4.627938648432765589e-01 -2.320692310577238349e+00 7.403512548905896717e-02 1.001033277321047694e-12 2.514481906792010238e-02 5.789808555182526795e-02 nan nan nan nan
2.630267991895069504e+10 6.262436133194447807e-01 4.680158249273692062e-01 -2.318580096097914378e+00 7.238143693657751732e-02 8.953362801553780960e-13 2.354974359675087586e-02 5.422528854971055134e-02 nan nan nan nan
2.754228703337836456e+10 6.229716658159232257e-01 4.732542414602038949e-01 -2.316402993351466488e+00 7.073994607961731074e-02 8.005879412099500267e-13 2.205002287226588698e-02 5.077205396585718344e-02 nan nan nan nan
2.884031503126257706e+10 6.197064618110060819e-01 4.785093617471450900e-01 -2.314242357203106337e+00 6.911104733797969468e-02 7.155867633046306840e-13 2.063774768590707562e-02 4.752017017454199937e-02 nan nan nan nan
3.019951720401648712e+10 6.164482143219542909e-01 4.837809593836625566e-01 -2.312101390755543662e+00 6.749527954504734584e-02 6.393549020070050197e-13 1.930820936263282286e-02 4.445879505080640309e-02 nan nan nan nan
3.162277660167991257e+10 6.131969143453396276e-01 4.890691640497486503e-01 -2.309902960356764900e+00 6.589306723382343245e-02 5.710761930434521991e-13 1.805901487515092219e-02 4.158241844568024564e-02 nan nan nan nan
3.311311214825501251e+10 6.099523971983122905e-01 4.943743622396707393e-01 -2.307695128808454843e+00 6.430475595226539665e-02 5.098995741307670027e-13 1.688436178253955797e-02 3.887767974519396041e-02 nan nan nan nan
3.467368504524884033e+10 6.067148520133306411e-01 4.996963643379148667e-01 -2.305517903781774347e+00 6.273086132817425054e-02 4.550786617156982321e-13 1.577925418714346342e-02 3.633307546988041870e-02 nan nan nan nan
3.630780547700556946e+10 6.034843596059432658e-01 5.050351549262901418e-01 -2.303302819304476667e+00 6.117184027644921585e-02 4.060128383950210609e-13 1.474143515761332235e-02 3.394340884325876967e-02 nan nan nan nan
3.801893963205130768e+10 6.002607241548936212e-01 5.103911778931108367e-01 -2.301048091127874340e+00 5.962801200928741913e-02 3.621110627787745747e-13 1.376707863588417201e-02 3.169987004106369910e-02 nan nan nan nan
3.981071705534464264e+10 5.970440662237186391e-01 5.157643555435154070e-01 -2.298830311591653963e+00 5.809984341515615075e-02 3.228064937802328963e-13 1.285115798751272284e-02 2.959088480975815769e-02 nan nan nan nan
4.168693834702818298e+10 5.938345398019992949e-01 5.211545509443384905e-01 -2.296597927629322911e+00 5.658780973653021462e-02 2.876541842116577626e-13 1.199142224249606474e-02 2.761127009936867327e-02 nan nan nan nan
4.365158322401094055e+10 5.906319781461464302e-01 5.265621659533064047e-01 -2.294301673860361213e+00 5.509222857062950202e-02 2.562439353156436261e-13 1.118545346807889307e-02 2.575545841397701083e-02 nan nan nan nan
4.570881896148153687e+10 5.874363969726705825e-01 5.319872992964609359e-01 -2.292039623033266249e+00 5.361349785154714137e-02 2.281535663197471291e-13 1.042863005832569273e-02 2.401280811265036827e-02 nan nan nan nan
4.786300923225753784e+10 5.842479998566915134e-01 5.374297290064425914e-01 -2.289783745355940869e+00 5.215209397985254985e-02 2.030516513793471443e-13 9.718663064594831869e-03 2.237804869636789151e-02 nan nan nan nan
5.011872336272058868e+10 5.810666944866665906e-01 5.428897361423711265e-01 -2.287456520659272297e+00 5.070834856625089371e-02 1.806487682047357211e-13 9.053885639469384794e-03 2.084734210711507163e-02 nan nan nan nan
5.248074602497025299e+10 5.778923851339917706e-01 5.483676125336053309e-01 -2.285144943561553621e+00 4.928258532268681852e-02 1.606407205257308161e-13 8.430544855179104499e-03 1.941204690935305344e-02 nan nan nan nan
5.495408738575506592e+10 5.747252904679156504e-01 5.538631080543799934e-01 -2.282856857487469249e+00 4.787526021136268711e-02 1.427779575010033460e-13 7.846232353269760526e-03 1.806661765280654156e-02 nan nan nan nan
5.754399373370790100e+10 5.715654124769370403e-01 5.593763447695858648e-01 -2.280507586152807242e+00 4.648672117137961357e-02 1.268525792614047307e-13 7.299604026122958299e-03 1.680795941531004409e-02 nan nan nan nan
6.025595860742755127e+10 5.684125746093050546e-01 5.649077601866822063e-01 -2.278144555282288763e+00 4.511722934738468527e-02 1.126514602847645184e-13 6.787921727985039150e-03 1.562976738326873546e-02 nan nan nan nan
6.309573444801065063e+10 5.652669659603810626e-01 5.704571533069949796e-01 -2.275816282555903403e+00 4.376719538812057914e-02 9.998656329673344256e-14 6.308725646139901402e-03 1.452637762859096751e-02 nan nan nan nan
6.606934480075045776e+10 5.621286792615266537e-01 5.760244886397898334e-01 -2.273449518336002395e+00 4.243697475014011899e-02 8.870628242010458896e-14 5.860765959206639016e-03 1.349491233119615684e-02 nan nan nan nan
6.918309709188400269e+10 5.589975131271968101e-01 5.816102546254905414e-01 -2.271035572031834704e+00 4.112678740872335870e-02 7.866386662861829024e-14 5.442209922590712963e-03 1.253115144070165651e-02 nan nan nan nan
7.244359600748883057e+10 5.558735812476491844e-01 5.872143824412001667e-01 -2.268662862484524645e+00 3.983697531121584839e-02 6.971851876618851929e-14 5.050660207738289463e-03 1.162957490411639649e-02 nan nan nan nan
7.585775750290765381e+10 5.527570488037006902e-01 5.928367070803896022e-01 -2.266277233214576192e+00 3.856788651799761963e-02 6.175924855732572656e-14 4.684918100623414704e-03 1.078742258039345342e-02 nan nan nan nan
7.943282347241683960e+10 5.496477511329900256e-01 5.984776584183951753e-01 -2.263819168787736480e+00 3.731972112007087006e-02 5.468485466712135690e-14 4.343772407388220465e-03 1.000190559261097609e-02 nan nan nan nan
8.317637711025517273e+10 5.465456911523784989e-01 6.041373679942027008e-01 -2.261397802005543411e+00 3.609273565118574500e-02 4.839211058081797111e-14 4.025080438831285003e-03 9.268090216554850103e-03 nan nan nan nan
8.709635899559548950e+10 5.434510816775622866e-01 6.098155825847071387e-01 -2.258985841979610498e+00 3.488725408168814879e-02 4.279937839439189591e-14 3.727670025426289748e-03 8.583277432147311259e-03 nan nan nan nan
9.120108393557772827e+10 5.403638384647024839e-01 6.155125913736070320e-01 -2.256495640135947944e+00 3.370346807417406998e-02 3.783574405363867518e-14 3.450660869200936846e-03 7.945440278399953926e-03 nan nan nan nan
9.549925860212962341e+10 5.372838513231439350e-01 6.212287369323362674e-01 -2.254019784387888414e+00 3.254154703027564016e-02 3.342794451006182952e-14 3.192343917304033777e-03 7.350643515694484965e-03 nan nan nan nan
9.999999999998527527e+10 5.342113438724260810e-01 6.269637432782294573e-01 -2.251571783921764602e+00 3.140177087282595286e-02 2.951538551396992928e-14 2.951538551396558265e-03 6.796168669842955409e-03 nan nan nan nan
1.047128548050744324e+11 5.311463295565552745e-01 6.327177221507805926e-01 -2.249058860014873318e+00 3.028432242982114636e-02 2.604761274254995259e-14 2.727519891129439635e-03 6.280346642159390785e-03 nan nan nan nan
1.096478196143021393e+11 5.280886204382526650e-01 6.384911676206095343e-01 -2.246526918163050279e+00 2.918929679776028838e-02 2.297394312293385158e-14 2.519042771372687929e-03 5.800310333977159657e-03 nan nan nan nan
1.148153621496710358e+11 5.250384045978390146e-01 6.442838674510307229e-01 -2.244034496920641608e+00 2.811690867342562031e-02 2.024947255981367342e-14 2.324950525294832912e-03 5.353396421492558586e-03 nan nan nan nan
1.202264434617231140e+11 5.219957868218019215e-01 6.500957623546724795e-01 -2.241503200228065928e+00 2.706732270907387036e-02 1.783787930599376791e-14 2.144584787859100602e-03 4.938088963186162972e-03 nan nan nan nan
1.258925411793975677e+11 5.189605611037796384e-01 6.559273888697753074e-01 -2.238916054641934661e+00 2.604057964402477915e-02 1.570461794034820040e-14 1.977094260761991847e-03 4.552427772274645658e-03 nan nan nan nan
1.318256738556205292e+11 5.159328330606016699e-01 6.617786904604332499e-01 -2.236374975386733244e+00 2.503681069196773967e-02 1.381666809930706467e-14 1.821391582630609452e-03 4.193909106670074688e-03 nan nan nan nan
1.380384264602672119e+11 5.129127790803728049e-01 6.676494695524477496e-01 -2.233823057251691058e+00 2.405614933230833252e-02 1.214784821279324119e-14 1.676869852172148271e-03 3.861135524502718082e-03 nan nan nan nan
1.445439770745703430e+11 5.099002375485727212e-01 6.735401850482727326e-01 -2.231189215829642691e+00 2.309860002481602809e-02 1.067454304289199203e-14 1.542940904873294373e-03 3.552752726931991765e-03 nan nan nan nan
1.513561248435971985e+11 5.068951976456689268e-01 6.794510075166166896e-01 -2.228594575000994560e+00 2.216419989599036425e-02 9.373006422552564842e-15 1.418661930251704324e-03 3.266589812595733187e-03 nan nan nan nan
1.584893192460864563e+11 5.038978812102590243e-01 6.853816480866057326e-01 -2.226013176835683005e+00 2.125303794288913029e-02 8.224296369518592711e-15 1.303463132883062123e-03 3.001334779043855934e-03 nan nan nan nan
1.659586907437298279e+11 5.009082127333807088e-01 6.913324027989340426e-01 -2.223346102503680921e+00 2.036509115003933001e-02 7.212038754115030365e-15 1.196900509225970943e-03 2.755965270340703360e-03 nan nan nan nan
1.737800828749099121e+11 4.979260672652038866e-01 6.973036722854774050e-01 -2.220691536642896757e+00 1.950030574691287433e-02 6.319678440925807610e-15 1.098234243206868289e-03 2.528777797023732451e-03 nan nan nan nan
1.819700858609692383e+11 4.949516727304185681e-01 7.032951520272875401e-01 -2.218069847916365411e+00 1.865871127387403600e-02 5.533421742975192429e-15 1.006917229674149893e-03 2.318512602926559377e-03 nan nan nan nan
1.905460717962940369e+11 4.919850543677942722e-01 7.093069402524596612e-01 -2.215379439344848045e+00 1.784025674822689242e-02 4.841778885463048495e-15 9.225819471312225262e-04 2.124323438529774136e-03 nan nan nan nan
1.995262314968556519e+11 4.890260131480672623e-01 7.153395943003406643e-01 -2.212663680638335073e+00 1.704481203835275099e-02 4.233471784039018534e-15 8.446886712175756757e-04 1.944967542566538492e-03 nan nan nan nan
2.089296130853699036e+11 4.860747351606003464e-01 7.213928908533502327e-01 -2.209992968173659644e+00 1.627233314339643008e-02 3.698494280448543048e-15 7.727249790125676528e-04 1.779265017658475303e-03 nan nan nan nan
2.187761623949194031e+11 4.831313373588633220e-01 7.274667422954597118e-01 -2.207283267871231303e+00 1.552273452973842137e-02 3.228720289236781492e-15 7.063670343258372656e-04 1.626470203421086485e-03 nan nan nan nan
2.290867652767395325e+11 4.801956098380890103e-01 7.335617375981063892e-01 -2.204507719932489174e+00 1.479582875264474039e-02 2.816562760931196709e-15 6.452372521006504704e-04 1.485713678131398959e-03 nan nan nan nan
2.398832919019092407e+11 4.772676489392539412e-01 7.396778365692003865e-01 -2.201783713575595769e+00 1.409148816806133839e-02 2.454831076351273665e-15 5.888729596582505934e-04 1.355930098576372091e-03 nan nan nan nan
2.511886431509161072e+11 4.743476423276242748e-01 7.458148034778878666e-01 -2.199051416742824117e+00 1.340958486537319541e-02 2.137785554755557235e-15 5.369874528466768784e-04 1.236459304049601334e-03 nan nan nan nan
2.630267991894940491e+11 4.714354321893264310e-01 7.519731275599003117e-01 -2.196226634784885334e+00 1.274989027546056738e-02 1.860305309446220932e-15 4.893101510588606946e-04 1.126678259678797443e-03 nan nan nan nan
2.754228703337701416e+11 4.685309930111075105e-01 7.581530257860475963e-01 -2.193443536963807450e+00 1.211219072265216044e-02 1.617341177610919516e-15 4.454527494465993875e-04 1.025692860508951561e-03 nan nan nan nan
2.884031503126116333e+11 4.656345554756211036e-01 7.643541682320456054e-01 -2.190678291599664540e+00 1.149630899739465840e-02 1.404830039999591947e-15 4.051574091896745049e-04 9.329094107162333709e-04 nan nan nan nan
3.019951720401500244e+11 4.627460533744435223e-01 7.705768561992729637e-01 -2.187819277202962098e+00 1.090198398088617314e-02 1.219277007825893537e-15 3.682157697429800465e-04 8.478481424155139565e-04 nan nan nan nan
3.162277660167836304e+11 4.598653466343733398e-01 7.768215570591204822e-01 -2.184970324783307216e+00 1.032892483799123344e-02 1.057237858459326439e-15 3.343279661289612695e-04 7.698185909795644604e-04 nan nan nan nan
3.311311214825338745e+11 4.569926669225194416e-01 7.830879343380744428e-01 -2.182160101101478844e+00 9.776898013374696328e-03 9.158272181579835975e-16 3.032588938328823185e-04 6.982794082574588727e-04 nan nan nan nan
3.467368504524713745e+11 4.541280516067432438e-01 7.893760687127441278e-01 -2.179277288892689235e+00 9.245612107825828402e-03 7.926405530533875983e-16 2.748376889066366500e-04 6.328371654693565589e-04 nan nan nan nan
3.630780547700379028e+11 4.512712907694938491e-01 7.956865886874194826e-01 -2.176361514840864153e+00 8.734715641991809207e-03 6.853770687818324519e-16 2.488453729172982040e-04 5.729876461399150724e-04 nan nan nan nan
3.801893963204943848e+11 4.484225675951221124e-01 8.020192598910967918e-01 -2.173497306034807508e+00 8.243913928707956307e-03 5.920002495839404702e-16 2.250722175109003392e-04 5.182479328877126088e-04 nan nan nan nan
3.981071705534268799e+11 4.455820113987888909e-01 8.083739605762335634e-01 -2.170594329757715713e+00 7.772884169469863359e-03 5.108499598049671727e-16 2.033730320752873241e-04 4.682837119735565562e-04 nan nan nan nan
4.168693834702613525e+11 4.427494089721112358e-01 8.147513372221489858e-01 -2.167613942730822529e+00 7.321232827225272223e-03 4.404059551758218905e-16 1.835917590107764147e-04 4.227356474947691024e-04 nan nan nan nan
4.365158322400879517e+11 4.399248461697989887e-01 8.211513708180696591e-01 -2.164691340342602910e+00 6.888603359818877905e-03 3.792471540292535747e-16 1.655473870657644421e-04 3.811869456417445352e-04 nan nan nan nan
4.570881896147929077e+11 4.371085220788158976e-01 8.275737804399329045e-01 -2.161763588433469607e+00 6.474640792816646791e-03 3.262318572507804879e-16 1.491167290254308167e-04 3.433539573699895633e-04 nan nan nan nan
4.786300923225518799e+11 4.343002832959316772e-01 8.340190871368724501e-01 -2.158731536264479889e+00 6.078924901999416437e-03 2.803532239818361830e-16 1.341854894773513275e-04 3.089735077666585649e-04 nan nan nan nan
5.011872336271812744e+11 4.315000886359500742e-01 8.404875630451179580e-01 -2.155743601142448007e+00 5.701042954671765167e-03 2.406427831002420869e-16 1.206070907543561438e-04 2.777080892803604939e-04 nan nan nan nan
5.248074602496767578e+11 4.287081774597689687e-01 8.469788305431755759e-01 -2.152779104937177834e+00 5.340608328579230825e-03 2.063153564032309709e-16 1.082758382044865351e-04 2.493143309810859007e-04 nan nan nan nan
5.495408738575236816e+11 4.259244933324322635e-01 8.534931941211576500e-01 -2.149711961692197359e+00 4.997183859126425043e-03 1.766995996727753096e-16 9.710365241445154604e-05 2.235894225247914168e-04 nan nan nan nan
5.754399373370507812e+11 4.231488805607204751e-01 8.600311983599611132e-01 -2.146651702098917980e+00 4.670313787193455107e-03 1.511529246800028058e-16 8.697942950617276964e-05 2.002775377780398802e-04 nan nan nan nan
6.025595860742459717e+11 4.203815739900604864e-01 8.665924706495470309e-01 -2.143637052331007098e+00 4.359580929457917801e-03 1.291358364711039060e-16 7.781203617137988978e-05 1.791688345437328150e-04 nan nan nan nan
6.309573444800755615e+11 4.176226234066858778e-01 8.731770690566714732e-01 -2.140545856440096539e+00 4.064537018461279391e-03 1.101990779007612851e-16 6.953091755641731373e-05 1.601008542676045062e-04 nan nan nan nan
6.606934480074721680e+11 4.148718080623031157e-01 8.797857027051219081e-01 -2.137412523682316934e+00 3.784700215423758042e-03 9.392448032878390115e-17 6.205528876073422443e-05 1.428875828419075929e-04 nan nan nan nan
6.918309709188061523e+11 4.121293072638804178e-01 8.864181262917956161e-01 -2.134338533994238674e+00 3.519626024969421153e-03 7.994453368114220072e-17 5.530810435627581091e-05 1.273516166125197456e-04 nan nan nan nan
7.244359600748527832e+11 4.093952629119220199e-01 8.930741766281382610e-01 -2.131226409379351150e+00 3.268859133448235362e-03 6.795900063656079982e-17 4.923194387187445476e-05 1.133607400584976909e-04 nan nan nan nan
7.585775750290393066e+11 4.066694589480431277e-01 8.997545636808372826e-01 -2.128023439517563453e+00 3.031908382520662974e-03 5.769857031403041911e-17 4.376884155145970825e-05 1.007814820940095116e-04 nan nan nan nan
7.943282347241293945e+11 4.039519694865084110e-01 9.064592954982879647e-01 -2.124885408527052100e+00 2.808307969756678943e-03 4.891632538306131296e-17 3.885561839071821649e-05 8.946836768553306665e-05 nan nan nan nan
8.317637711025109863e+11 4.012430052370697386e-01 9.131880371208367375e-01 -2.121746155450338289e+00 2.597600056860598517e-03 4.141298281964667603e-17 3.444581876267282014e-05 7.931442879890504072e-05 nan nan nan nan
8.709635899559122314e+11 3.985424177055682526e-01 9.199413429897957961e-01 -2.118489286543587369e+00 2.399297555678118424e-03 3.501514054999231314e-17 3.049691251623213982e-05 7.022173614221966843e-05 nan nan nan nan
9.120108393557324219e+11 3.958501489953750174e-01 9.267195509712448098e-01 -2.115278886643151335e+00 2.212923015668733558e-03 2.956084639847223978e-17 2.695981233593654840e-05 6.207726199464448050e-05 nan nan nan nan
9.549925860212493896e+11 3.931664469944158302e-01 9.335222275281944704e-01 -2.112098751348666870e+00 2.038021131048825974e-03 2.491824874696618360e-17 2.379674280998599306e-05 5.479402525608699384e-05 nan nan nan nan
9.999999999998037109e+11 3.904912655007782840e-01 9.403496774281517867e-01 -2.108806190309764794e+00 1.874118106057169478e-03 2.097554651539675011e-17 2.097554651539263156e-05 4.829798072374628129e-05 nan nan nan nan
1.047128548050692871e+12 3.878244326135857345e-01 9.472025350287880396e-01 -2.105516436994609553e+00 1.720737712761782499e-03 1.762914334021909328e-17 1.845997926922116067e-05 4.250567308228776829e-05 nan nan nan nan
1.096478196142967529e+12 3.851661858261243854e-01 9.540803863326328127e-01 -2.102280494063393235e+00 1.577432225474297792e-03 1.479229427764086603e-17 1.621942814636359600e-05 3.734661346670486900e-05 nan nan nan nan
1.148153621496654053e+12 3.825165876538441645e-01 9.609832602405634638e-01 -2.098963973822113971e+00 1.443747591899911028e-03 1.239303271371486436e-17 1.422910539157822834e-05 3.276372596128923620e-05 nan nan nan nan
1.202264434617172119e+12 3.798754064745901160e-01 9.679119577237975669e-01 -2.095594235734091093e+00 1.319222008043447088e-03 1.036633828372918579e-17 1.246307983573801553e-05 2.869730184256503810e-05 nan nan nan nan
1.258925411793913818e+12 3.772428166894907786e-01 9.748662227626736509e-01 -2.092293200259711217e+00 1.203421062131734311e-03 8.655803017131763039e-18 1.089701037774960624e-05 2.509129365400765958e-05 nan nan nan nan
1.318256738556140625e+12 3.746189730631044879e-01 9.818458413943628171e-01 -2.088955204067250548e+00 1.095915356189805121e-03 7.215408298918046240e-18 9.511760611482613625e-06 2.190163819212779538e-05 nan nan nan nan
1.380384264602604248e+12 3.720036570119013564e-01 9.888515940801571036e-01 -2.085510666166439542e+00 9.962687577416526503e-04 6.004810732736546728e-18 8.288946247386364024e-06 1.908600406586077999e-05 nan nan nan nan
1.445439770745632324e+12 3.693969295523861218e-01 9.958835232375029545e-01 -2.082139290846940938e+00 9.040664847801894348e-04 4.987941099673231220e-18 7.209768439604392268e-06 1.660110533297201566e-05 nan nan nan nan
1.513561248435897705e+12 3.667990132495382305e-01 1.002941228762828985e+00 -2.078771677470404367e+00 8.189081752432032226e-04 4.135677411263238959e-18 6.259601065719729097e-06 1.441326410201589049e-05 nan nan nan nan
1.584893192460786865e+12 3.642097649319770425e-01 1.010025300043734697e+00 -2.075271323865917061e+00 7.403912519473903253e-04 3.423101459590277295e-18 5.425250200407213785e-06 1.249210023722060986e-05 nan nan nan nan
1.659586907437216797e+12 3.616291088679522980e-01 1.017136153516160713e+00 -2.071819684915202409e+00 6.681275134668643182e-04 2.827716574775794734e-18 4.692841405441120724e-06 1.080566666395395268e-05 nan nan nan nan
1.737800828749013916e+12 3.590573013185854867e-01 1.024273289529974429e+00 -2.068406694852531036e+00 6.017492492950557914e-04 2.331235154189696954e-18 4.051222382959690388e-06 9.328284267406798487e-06 nan nan nan nan
1.819700858609603027e+12 3.564943067450097036e-01 1.031437009115026449e+00 -2.064870472135392987e+00 5.408920457419770034e-04 1.918344198076600135e-18 3.490812584348739570e-06 8.037893019157427775e-06 nan nan nan nan
1.905460717962846924e+12 3.539399362999803844e-01 1.038628051713176736e+00 -2.061331822513865486e+00 4.852011001263869367e-04 1.575353561609647741e-18 3.001774328550047362e-06 6.911840821451550086e-06 nan nan nan nan
1.995262314968458496e+12 3.513944295539930818e-01 1.045845955506200964e+00 -2.057856871990237035e+00 4.343439487131196320e-04 1.290906618719054848e-18 2.575697328473486558e-06 5.930762272607638963e-06 nan nan nan nan
2.089296130853596436e+12 3.488578620560031096e-01 1.053090711783331024e+00 -2.054297275023605707e+00 3.879966225910430003e-04 1.055666531665042826e-18 2.205600000079409448e-06 5.078581681290514409e-06 nan nan nan nan
2.187761623949086426e+12 3.463299911284702937e-01 1.060363226852240937e+00 -2.050671015275564724e+00 3.458429199196849288e-04 8.614692849530133559e-19 1.884689441831062837e-06 4.339657813683474588e-06 nan nan nan nan
2.290867652767282715e+12 3.438109851195135791e-01 1.067663234480105139e+00 -2.047124779292031072e+00 3.075874624923916143e-04 7.013726558004125437e-19 1.606751929708646419e-06 3.699683041486546438e-06 nan nan nan nan
2.398832919018974609e+12 3.413010119837564527e-01 1.074990457988150849e+00 -2.043543500884594799e+00 2.729473752882249763e-04 5.697552195208247600e-19 1.366747576369436783e-06 3.147052595234006401e-06 nan nan nan nan
2.511886431509037598e+12 3.387998508288487809e-01 1.082345756496988720e+00 -2.039837226284784144e+00 2.416478602184016905e-04 4.618192007612419590e-19 1.160037384202511804e-06 2.671084788180510362e-06 nan nan nan nan
2.630267991894811523e+12 3.363075480881305701e-01 1.089729215979519328e+00 -2.036213615724196568e+00 2.134316098616564114e-04 3.734080654219285973e-19 9.821632823946626094e-07 2.261514532928051710e-06 nan nan nan nan
2.754228703337566406e+12 3.338243384277413406e-01 1.097140357207703421e+00 -2.032600132875971966e+00 1.880563443878818493e-04 3.011883577962631379e-19 8.295416201535728460e-07 1.910090168583745938e-06 nan nan nan nan
2.884031503125974609e+12 3.313500843175183896e-01 1.104579805981301899e+00 -2.028836584004904964e+00 1.652889186689310546e-04 2.423707574128820973e-19 6.990048998152553240e-07 1.609518262244403493e-06 nan nan nan nan
3.019951720401352051e+12 3.288846908995152751e-01 1.112048073238592227e+00 -2.025123838919382191e+00 1.449102469439723982e-04 1.945327448126684638e-19 5.874794973714153104e-07 1.352721533087055566e-06 nan nan nan nan
3.162277660167680664e+12 3.264284226038119963e-01 1.119544580627549468e+00 -2.021460078550151529e+00 1.267170117826490615e-04 1.557247486821965143e-19 4.924448938929364642e-07 1.133896271798910234e-06 nan nan nan nan
3.311311214825176270e+12 3.239812549452776858e-01 1.127069619970646475e+00 -2.017661109064510239e+00 1.105159304244602908e-04 1.243455907604217470e-19 4.117469491990463514e-07 9.480823873115008463e-07 nan nan nan nan
3.467368504524543945e+12 3.215429812245497732e-01 1.134624054583675212e+00 -2.013852953573604498e+00 9.612521395128184034e-05 9.902005546432820859e-20 3.433390216332850812e-07 7.905673130559624195e-07 nan nan nan nan
3.630780547700200684e+12 3.191138424537010576e-01 1.142207366965663606e+00 -2.010120567016837612e+00 8.337788656701268617e-05 7.862802208289212071e-20 2.854810930827065539e-07 6.573445092638857362e-07 nan nan nan nan
3.801893963204757324e+12 3.166939275275897359e-01 1.149819499831696623e+00 -2.006299494618986046e+00 7.211739870938811085e-05 6.226438910017759946e-20 2.367226050425973048e-07 5.450739415458016661e-07 nan nan nan nan
3.981071705534073730e+12 3.142829823852713589e-01 1.157461481139322457e+00 -2.002395340471097462e+00 6.219701285866769064e-05 4.916682495042995741e-20 1.957366556611034385e-07 4.507003054777654138e-07 nan nan nan nan
4.168693834702408691e+12 3.118811680198885772e-01 1.165133035453840948e+00 -1.998584967392784018e+00 5.348278791517663272e-05 3.870546699632205127e-20 1.613512416368452956e-07 3.715249637290802060e-07 nan nan nan nan
4.365158322400665527e+12 3.094886659374818660e-01 1.172833808085444351e+00 -1.994742494510288067e+00 4.585096740172784024e-05 3.037875665468870576e-20 1.326080824353989943e-07 3.053413938262753234e-07 nan nan nan nan
4.570881896147705078e+12 3.071052530384396073e-01 1.180564746379018093e+00 -1.990753148532223848e+00 3.918643798821862419e-05 2.377263700704462809e-20 1.086619161191912572e-07 2.502033082322192038e-07 nan nan nan nan
4.786300923225284180e+12 3.047309595090011980e-01 1.188325991624331168e+00 -1.986857534937184866e+00 3.338449496069074415e-05 1.854212467826005728e-20 8.874818846611443755e-08 2.043502557923012238e-07 nan nan nan nan
5.011872336271566406e+12 3.023660323798222360e-01 1.196116967772187234e+00 -1.982980207159408703e+00 2.834981799086427204e-05 1.441530539606298766e-20 7.224767033343432796e-08 1.663564087133140613e-07 nan nan nan nan
5.248074602496509766e+12 3.000103400322355340e-01 1.203938338145783105e+00 -1.978932807604354416e+00 2.399467769761416653e-05 1.117154940504809451e-20 5.862912470316789675e-08 1.349985485568033596e-07 nan nan nan nan
5.495408738574966797e+12 2.976637670274382974e-01 1.211790728050404331e+00 -1.974938088615181275e+00 2.023954253117744425e-05 8.627698422293594984e-21 4.741272930366167431e-08 1.091718437127733474e-07 nan nan nan nan
5.754399373370224609e+12 2.953265857485524726e-01 1.219673464658701745e+00 -1.971005173109699360e+00 1.701299926254615125e-05 6.639543828700699807e-21 3.820658684733944710e-08 8.797391732886618728e-08 nan nan nan nan
6.025595860742164062e+12 2.929987831500726614e-01 1.227586823045118125e+00 -1.966923753354640425e+00 1.425013930605498029e-05 5.092085104179811963e-21 3.068284692629270673e-08 7.064986594309977195e-08 nan nan nan nan
6.309573444800446289e+12 2.906801335977378109e-01 1.235531813629645592e+00 -1.962824348795604745e+00 1.189243147489084942e-05 3.891052923710558622e-21 2.455088419975727750e-08 5.653049997818416140e-08 nan nan nan nan
6.606934480074397461e+12 2.883708788178969695e-01 1.243507853642276784e+00 -1.958815620620618869e+00 9.887931252300171631e-06 2.961946771299611745e-21 1.956938825144443958e-08 4.506018166678878560e-08 nan nan nan nan
6.918309709187721680e+12 2.860711213980369760e-01 1.251514822860177345e+00 -1.954714322687512551e+00 8.190079194934792617e-06 2.246297472223767721e-21 1.554058161180952754e-08 3.578351155581000113e-08 nan nan nan nan
7.244359600748172852e+12 2.837805954510345674e-01 1.259553890621167405e+00 -1.950509761837847078e+00 6.757234136455528840e-06 1.697037887035028197e-21 1.229395270977559955e-08 2.830787224350305306e-08 nan nan nan nan
7.585775750290020508e+12 2.814994531627443286e-01 1.267624773987780396e+00 -1.946415801439575599e+00 5.552800605483959881e-06 1.276807704966410872e-21 9.685576926117654409e-09 2.230186504712560456e-08 nan nan nan nan
7.943282347240904297e+12 2.792278900306711109e-01 1.275727020422862346e+00 -1.942294091980446336e+00 4.544462707880860687e-06 9.567349552315481796e-22 7.599615880879073493e-09 1.749876223979296963e-08 nan nan nan nan
8.317637711024701172e+12 2.769656807797634124e-01 1.283861676572491728e+00 -1.937999394467799785e+00 3.703635994493690523e-06 7.139983827712459789e-22 5.938779874148764977e-09 1.367454600878800246e-08 nan nan nan nan
8.709635899558694336e+12 2.747128375055508109e-01 1.292028954153228604e+00 -1.933811408719338765e+00 3.005417618423552277e-06 5.304971151743216511e-22 4.620436718934595600e-09 1.063894871214112082e-08 nan nan nan nan
9.120108393556876953e+12 2.724696199217412906e-01 1.300228157619643055e+00 -1.929652257474285149e+00 2.428156892583520370e-06 3.924151895806304293e-22 3.578869064253520720e-09 8.240650557127707229e-09 nan nan nan nan
9.549925860212025391e+12 2.702359025678355842e-01 1.308459988234768723e+00 -1.925299715002970480e+00 1.952953544655182757e-06 2.890170369694240755e-22 2.760091275396158015e-09 6.355345026030117016e-09 nan nan nan nan
9.999999999997544922e+12 2.680115477589933848e-01 1.316725210746609420e+00 -1.921001459352869922e+00 1.563492432776691745e-06 2.118657761623309321e-22 2.118657761622789139e-09 4.878389779068767094e-09 nan nan nan nan
1.047128548050641602e+13 2.657968355946534467e-01 1.325023037985848307e+00 -1.916780979864347589e+00 1.245806634387889979e-06 1.545649735697789604e-22 1.618493963536084335e-09 3.726720073539036655e-09 nan nan nan nan
1.096478196142913867e+13 2.635917648674909741e-01 1.333353717860418675e+00 -1.912397221873755493e+00 9.878831612797420616e-07 1.122328673704944545e-22 1.230608919623466661e-09 2.833581753630502522e-09 nan nan nan nan
1.148153621496597656e+13 2.613960897575483000e-01 1.341718436750310550e+00 -1.907983983108475279e+00 7.794650419671527427e-07 8.109047011698796948e-23 9.310431693368137133e-10 2.143806122648878353e-09 nan nan nan nan
1.202264434617113086e+13 2.592100518808508336e-01 1.350116534851440786e+00 -1.903680010527526889e+00 6.119005862610405475e-07 5.828574736692313165e-23 7.007488110432972204e-10 1.613533766241597718e-09 nan nan nan nan
1.258925411793852148e+13 2.570337679226901706e-01 1.358547810022888935e+00 -1.899279923610018184e+00 4.778688168480826031e-07 4.168019546705438985e-23 5.247225724200969963e-10 1.208218373212004118e-09 nan nan nan nan
1.318256738556075781e+13 2.548669595760493789e-01 1.367013597123425850e+00 -1.894751604847421778e+00 3.712011261062952203e-07 2.964922497860360565e-23 3.908529062100932355e-10 8.999720753927606422e-10 nan nan nan nan
1.380384264602536523e+13 2.527097685525580006e-01 1.375513608617459083e+00 -1.890354575415801985e+00 2.867680737846982218e-07 2.097293415854239194e-23 2.895070829499696028e-10 6.666146935167906784e-10 nan nan nan nan
1.445439770745561523e+13 2.505624048450304509e-01 1.384047268344889448e+00 -1.885936004560569756e+00 2.203048749110002990e-07 1.475293448044585181e-23 2.132447823323994139e-10 4.910142569573429819e-10 nan nan nan nan
1.513561248435823438e+13 2.484246409390918342e-01 1.392615735215087858e+00 -1.881313066809752854e+00 1.682733138215345933e-07 1.031972157542688965e-23 1.561953067121322541e-10 3.596529848309885486e-10 nan nan nan nan
1.584893192460708984e+13 2.462964687289225241e-01 1.401219311234419118e+00 -1.876812091197171739e+00 1.277731570988266981e-07 7.175236377699536259e-24 1.137198328931243194e-10 2.618495919974820133e-10 nan nan nan nan
1.659586907437135352e+13 2.441781609333072700e-01 1.409857152372266942e+00 -1.872353678125660670e+00 9.643775977084867877e-08 4.958658371172023292e-24 8.229324511250641202e-11 1.894871994501623927e-10 nan nan nan nan
1.737800828748928516e+13 2.420695984537073187e-01 1.418529997257370168e+00 -1.867674445519577064e+00 7.233755220687379329e-08 3.406271689012058987e-24 5.919421764109167964e-11 1.362997231318228746e-10 nan nan nan nan
1.819700858609513672e+13 2.399706194122272485e-01 1.427238782249697246e+00 -1.863050727608668744e+00 5.391510463252056637e-08 2.324854125267302756e-24 4.230539047890780438e-11 9.741176147002535454e-11 nan nan nan nan
1.905460717962753516e+13 2.378815113522745051e-01 1.435982580740879699e+00 -1.858524740265091957e+00 3.992391279283560940e-08 1.576317760537482293e-24 3.003611571731190531e-11 6.916071230212656278e-11 nan nan nan nan
1.995262314968360547e+13 2.358022852954678450e-01 1.444761599257179618e+00 -1.853819009838136633e+00 2.936700288314054053e-08 1.061834897883226340e-24 2.118639156464678961e-11 4.878346939109050022e-11 nan nan nan nan
2.089296130853493750e+13 2.337326737538761579e-01 1.453577236538654338e+00 -1.849068726550446851e+00 2.145345482836909513e-08 7.103801191889693736e-25 1.484194434456757549e-11 3.417483979884858286e-11 nan nan nan nan
2.187761623948979297e+13 2.316729172590016317e-01 1.462428741475326754e+00 -1.844451039028837336e+00 1.556265979020274300e-08 4.718634541247734186e-25 1.032324756678189061e-11 2.377015595855903838e-11 nan nan nan nan
2.290867652767170312e+13 2.296231470540186781e-01 1.471315804922982196e+00 -1.839734332046564891e+00 1.120853823851967496e-08 3.112078813722878202e-25 7.129360687219770171e-12 1.641595964097002999e-11 nan nan nan nan
2.398832919018857031e+13 2.275830716669623166e-01 1.480239957057786215e+00 -1.834858271354027792e+00 8.012911094772109476e-09 2.037573333030244915e-25 4.887797986187923814e-12 1.125457078056263070e-11 nan nan nan nan
2.511886431508914453e+13 2.255528204268460180e-01 1.489200910542443301e+00 -1.830139079012712111e+00 5.685020726144525666e-09 1.323763656581019874e-25 3.325143967490490063e-12 7.656426931602680619e-12 nan nan nan nan
2.630267991894682031e+13 2.235326184118235915e-01 1.498197931900192792e+00 -1.825407010463543811e+00 4.002249293523906300e-09 8.533667328868623121e-26 2.244583202860052843e-12 5.168343822890388489e-12 nan nan nan nan
2.754228703337430859e+13 2.215222357115282925e-01 1.507232307575884667e+00 -1.820432623895694935e+00 2.795117384856970541e-09 5.458420275103817770e-26 1.503373779656992965e-12 3.461646054236307400e-12 nan nan nan nan
2.884031503125833203e+13 2.195216416218049582e-01 1.516304456239137677e+00 -1.815598145280873155e+00 1.936086265627147960e-09 3.462325947246885688e-26 9.985457105950009996e-13 2.299236467889196178e-12 nan nan nan nan
3.019951720401203906e+13 2.175311222384666288e-01 1.525413347938332720e+00 -1.810824198631635573e+00 1.329860896671424878e-09 2.177691955420276618e-26 6.576524567275326540e-13 1.514300743231728478e-12 nan nan nan nan
3.162277660167525781e+13 2.155505650453813371e-01 1.534559756380314610e+00 -1.805796945060538228e+00 9.056041303614432365e-10 1.358190661127977065e-26 4.294975985933164266e-13 9.889547679977108055e-13 nan nan nan nan
3.311311214825013672e+13 2.135797817293190182e-01 1.543744831201433465e+00 -1.800825791951059074e+00 6.112296135577064899e-10 8.395195882818981428e-27 2.779910627743127279e-13 6.400980771297044903e-13 nan nan nan nan
3.467368504524373438e+13 2.116190670062409740e-01 1.552967474332393572e+00 -1.795977504342724407e+00 4.088142617542922542e-10 5.141677189254925054e-27 1.782808954645393312e-13 4.105069322622780572e-13 nan nan nan nan
3.630780547700022656e+13 2.096684445698787369e-01 1.562227831320200044e+00 -1.790931057337313836e+00 2.708942493766674435e-10 3.120290428440519851e-27 1.132908979075640860e-13 2.608619326938674026e-13 nan nan nan nan
3.801893963204570312e+13 2.077276235614154143e-01 1.571527559536530561e+00 -1.785820200196296836e+00 1.777825092165754263e-10 1.875496259380192676e-27 7.130437906550308124e-14 1.641844003014241090e-13 nan nan nan nan
3.981071705533878125e+13 2.057968423082291165e-01 1.580865799197329391e+00 -1.780871468004005864e+00 1.155321068135509781e-10 1.116082647805767406e-27 4.443205050216872986e-14 1.023085771374523285e-13 nan nan nan nan
4.168693834702203906e+13 2.038762471741588089e-01 1.590242100712477846e+00 -1.775821856368473339e+00 7.432578406708598857e-11 6.575492521570093386e-28 2.741121513479969542e-14 6.311665535024255700e-14 nan nan nan nan
4.365158322400451562e+13 2.019655326340022150e-01 1.599658226664717908e+00 -1.770573780368955852e+00 4.732049396503429874e-11 3.834386685202505657e-28 1.673770495021319882e-14 3.853998990929356178e-14 nan nan nan nan
4.570881896147480469e+13 2.000648134585771010e-01 1.609113897639678381e+00 -1.765514411586855958e+00 2.980708639395329348e-11 2.211819680918492206e-28 1.010996653705303211e-14 2.327905823888694761e-14 nan nan nan nan
4.786300923225049219e+13 1.981743305392619225e-01 1.618608178393741825e+00 -1.760454086378403948e+00 1.857159516145594275e-11 1.261990232122591995e-28 6.040265013109355946e-15 1.390822417691908821e-14 nan nan nan nan
5.011872336271320312e+13 1.962938513687283726e-01 1.628142500815204397e+00 -1.755105281829453689e+00 1.144149159478597168e-11 7.121302557423080067e-29 3.569105928576693838e-15 8.218170106457367634e-15 nan nan nan nan
5.248074602496252344e+13 1.944233199632003362e-01 1.637717435491824913e+00 -1.749917476801030825e+00 6.967511766355577563e-12 3.971554822647069469e-29 2.084301599715559314e-15 4.799281792808689389e-15 nan nan nan nan
5.495408738574697656e+13 1.925630362371088533e-01 1.647331717885946567e+00 -1.744813909064133473e+00 4.193050032702882978e-12 2.188680306128468352e-29 1.202769288024472939e-15 2.769478632916213308e-15 nan nan nan nan
5.754399373369942188e+13 1.907128945241047258e-01 1.656986151859868972e+00 -1.739418223503886196e+00 2.492785329952657939e-12 1.191790919606513418e-29 6.858040920971708155e-16 1.579122279177261358e-15 nan nan nan nan
6.025595860741867969e+13 1.888726775146522541e-01 1.666682154879647548e+00 -1.734078127990480667e+00 1.463414160254159705e-12 6.407938338040719433e-30 3.861164672558728385e-16 8.890660216628964984e-16 nan nan nan nan
6.309573444800135938e+13 1.870426868420223265e-01 1.676418416295140101e+00 -1.728892908765709890e+00 8.481300138283906201e-13 3.400859900926011341e-30 2.145797532036838198e-16 4.940881409851437449e-16 nan nan nan nan
6.606934480074072656e+13 1.852229594040568084e-01 1.686194993589573032e+00 -1.723488830149149775e+00 4.850870398270583986e-13 1.781510795879631628e-30 1.177032510392134088e-16 2.710217512398287177e-16 nan nan nan nan
6.918309709187382031e+13 1.834131790381997862e-01 1.696013862209376111e+00 -1.717993955042694143e+00 2.736747434776789007e-13 9.205957384570477848e-31 6.368966435603921471e-17 1.466508717240101171e-16 nan nan nan nan
7.244359600747817188e+13 1.816135806020501564e-01 1.705874032560120046e+00 -1.712699033485270750e+00 1.522551901451452767e-13 4.690254068066446238e-31 3.397788708794366842e-17 7.823697630013396424e-17 nan nan nan nan
7.585775750289648438e+13 1.798243263036739259e-01 1.715774869635435129e+00 -1.707302934721218524e+00 8.349957046737419838e-14 2.355728150893120211e-31 1.787002548131970629e-17 4.114725428471050789e-17 nan nan nan nan
7.943282347240514062e+13 1.780450955447554218e-01 1.725718415019616092e+00 -1.701658795623635534e+00 4.511774379581979793e-14 1.165951220555601949e-31 9.261479747982844002e-18 2.132534520677154861e-17 nan nan nan nan
8.317637711024293750e+13 1.762759860593404448e-01 1.735704409523210590e+00 -1.696243230882609865e+00 2.400999247854076335e-14 5.682412641205867000e-32 4.726424967409508107e-18 1.088299567311200319e-17 nan nan nan nan
8.709635899558267188e+13 1.745172554557602174e-01 1.745731657095171308e+00 -1.690843081491516520e+00 1.257970688597944341e-14 2.726505603690315770e-32 2.374687108624796145e-18 5.467919136844587898e-18 nan nan nan nan
9.120108393556429688e+13 1.727686683581690086e-01 1.755801756423870819e+00 -1.685097777345753611e+00 6.485625893782254735e-15 1.287625357951182515e-32 1.174328283480668198e-18 2.703990799823872669e-18 nan nan nan nan
9.549925860211556250e+13 1.710301404491371413e-01 1.765915478074960188e+00 -1.679538182902023058e+00 3.288669649982720313e-15 5.979849658787517525e-33 5.710712089663216516e-19 1.314940052803939996e-18 nan nan nan nan
9.999999999997054688e+13 1.693019859606024469e-01 1.776071259488915866e+00 -1.674094231055406778e+00 1.639540570455013698e-15 2.730102769054030507e-33 2.730102769053226600e-19 6.286293938363726221e-19 nan nan nan nan
1.047128548050590156e+14 1.675841063981104440e-01 1.786269925991056384e+00 -1.668311419573540455e+00 8.032093658861198678e-16 1.225111473093206524e-33 1.282849198020208912e-19 2.953869439920699737e-19 nan nan nan nan
1.096478196142860000e+14 1.658762524836570329e-01 1.796513235590181612e+00 -1.662581810994684162e+00 3.864325319123360842e-16 5.398648765345547382e-34 5.919500659834964409e-20 1.363015397730440773e-19 nan nan nan nan
1.148153621496541250e+14 1.641787324937127035e-01 1.806799612315275860e+00 -1.657048200700832474e+00 1.825098137300001974e-16 2.335021129186037011e-34 2.680962965745891632e-20 6.173145359795596708e-20 nan nan nan nan
1.202264434617054062e+14 1.624915971808341408e-01 1.817128988205740647e+00 -1.651272362140935090e+00 8.457536734167482164e-17 9.910882271981132160e-35 1.191550127127958053e-20 2.743645560279996548e-20 nan nan nan nan
1.258925411793790312e+14 1.608145028741010674e-01 1.827503734301209048e+00 -1.645370286367897839e+00 3.842697098092138133e-17 4.124781211634534645e-35 5.192791885416295513e-21 1.195684518638000731e-20 nan nan nan nan
1.318256738556011094e+14 1.591476795068880179e-01 1.837922705901406717e+00 -1.639717178658316454e+00 1.711033391592347216e-17 1.682022752222309603e-35 2.217337827521587328e-21 5.105609027783009816e-21 nan nan nan nan
1.380384264602468906e+14 1.574913060857712488e-01 1.848385021695415853e+00 -1.633964922590594782e+00 7.462648659392348117e-18 6.718912950920650896e-36 9.274681712684606156e-22 2.135574385389206136e-21 nan nan nan nan
1.445439770745490625e+14 1.558450458144311490e-01 1.858893061439389260e+00 -1.627901078332793627e+00 3.185670102713950338e-18 2.627425377018663762e-36 3.797785134608741476e-22 8.744723437344473602e-22 nan nan nan nan
1.513561248435749062e+14 1.542089766025983300e-01 1.869446605522646188e+00 -1.622116027328067256e+00 1.330216449457220632e-18 1.004798851607172462e-36 1.520824604265358981e-22 3.501828062839984851e-22 nan nan nan nan
1.584893192460631250e+14 1.525833739229421615e-01 1.880044118079656768e+00 -1.616369095321756433e+00 5.430491380336756388e-19 3.756674353779194694e-37 5.953927609596086609e-23 1.370942495862162203e-22 nan nan nan nan
1.659586907437054062e+14 1.509679992754299760e-01 1.890687389954836650e+00 -1.610206537998099208e+00 2.165723649839752894e-19 1.372452968473907354e-37 2.277704977552416506e-23 5.244609527550532431e-23 nan nan nan nan
1.737800828748843125e+14 1.493627366160258096e-01 1.901377457634612522e+00 -1.604258680866465614e+00 8.431026005449318169e-20 4.893611992557874001e-38 8.504122976242351192e-24 1.958146679408379645e-23 nan nan nan nan
1.819700858609424375e+14 1.477679151692151416e-01 1.912112376786172518e+00 -1.598468334118380962e+00 3.202159380945549732e-20 1.702119418250219351e-38 3.097348166845698194e-24 7.131907716791339301e-24 nan nan nan nan
1.905460717962660000e+14 1.461834441395560569e-01 1.922892979258232549e+00 -1.592282410498725653e+00 1.185624027722314622e-20 5.773068315680080522e-39 1.100035489764325075e-24 2.532925320495739110e-24 nan nan nan nan
1.995262314968262500e+14 1.446090389785683605e-01 1.933721460985924789e+00 -1.586144212245995888e+00 4.275430454726011675e-21 1.906905309497109165e-39 3.804776302252473049e-25 8.760821195743552839e-25 nan nan nan nan
2.089296130853391250e+14 1.430450144141676982e-01 1.944595912143922467e+00 -1.580255437608562907e+00 1.500666187648004502e-21 6.129689542042633038e-40 1.280673664352216804e-25 2.948860088527474587e-25 nan nan nan nan
2.187761623948871875e+14 1.414914359431498625e-01 1.955516087100423350e+00 -1.574098039109306679e+00 5.123028283095604327e-22 1.916728441800692743e-40 4.193344928502874137e-26 9.655533522152900752e-26 nan nan nan nan
2.290867652767057812e+14 1.399479299386186815e-01 1.966484854565448082e+00 -1.567766321607972468e+00 1.699132443564158062e-22 5.823516116773116206e-41 1.334090469728315988e-26 3.071856828301844843e-26 nan nan nan nan
2.398832919018739375e+14 1.384147197441812360e-01 1.977500884920921465e+00 -1.561747552101363068e+00 5.471065836513158119e-23 1.717320009963727215e-41 4.119563772390578216e-27 9.485646131944861686e-27 nan nan nan nan
2.511886431508790938e+14 1.368920023970890132e-01 1.988562967699620598e+00 -1.555635171569669239e+00 1.708972523468571305e-23 4.913106204524922574e-42 1.234116481170780705e-27 2.841658212562106616e-27 nan nan nan nan
2.630267991894553125e+14 1.353794236609399404e-01 1.999673897105744613e+00 -1.549128738914335557e+00 5.172427529311782759e-24 1.362283386414660240e-42 3.583170387176199728e-28 8.250554719169621927e-28 nan nan nan nan
2.754228703337295938e+14 1.338770384371142097e-01 2.010833523909123954e+00 -1.542964625401323620e+00 1.515463082667718248e-24 3.655608046800018399e-43 1.006838061064739982e-28 2.318330310466699154e-28 nan nan nan nan
2.884031503125691250e+14 1.323851414974825669e-01 2.022039866116107198e+00 -1.536870369205333819e+00 4.294979576015826136e-25 9.488292753814513365e-44 2.736453521288027697e-29 6.300917085788877439e-29 nan nan nan nan
3.019951720401055625e+14 1.309034910250236328e-01 2.033294937017599224e+00 -1.530271667160825633e+00 1.176001653645054875e-25 2.380066909654546094e-44 7.187687158480870907e-30 1.655026130422278483e-29 nan nan nan nan
3.162277660167370625e+14 1.294319354179031822e-01 2.044600131244681318e+00 -1.523921678387774925e+00 3.107139332547161851e-26 5.759891440718666642e-45 1.821437602797388953e-30 4.194015072020077660e-30 nan nan nan nan
3.311311214824851250e+14 1.279708197329942621e-01 2.055953011887803328e+00 -1.517785218883024978e+00 7.915448501581400107e-27 1.343788236811440762e-45 4.449701058903436517e-31 1.024581532651087337e-30 nan nan nan nan
3.467368504524203125e+14 1.265200615969646891e-01 2.067354393689253556e+00 -1.511183743765079912e+00 1.941907754786411457e-27 3.020048139856689786e-46 1.047161980228599200e-31 2.411179565624498281e-31 nan nan nan nan
3.630780547699844375e+14 1.250793374474096220e-01 2.078807043437149282e+00 -1.504619327380846583e+00 4.581083063541247825e-28 6.526255874157838373e-47 2.369540287720412183e-32 5.456068143753843451e-32 nan nan nan nan
3.801893963204384375e+14 1.236489683193474770e-01 2.090308628605140662e+00 -1.498374446993838482e+00 1.038247167581463213e-28 1.354585968071777028e-47 5.149992214653456148e-33 1.185829530249644016e-32 nan nan nan nan
3.981071705533683125e+14 1.222290356493202501e-01 2.101858652863946464e+00 -1.491831202919713828e+00 2.257985167017817017e-29 2.698455145336248621e-48 1.074274342774992208e-33 2.473608087459673071e-33 nan nan nan nan
4.168693834701999375e+14 1.208191331834345683e-01 2.113460618743276065e+00 -1.485047646700788482e+00 4.704042642797476400e-30 5.150084936529989112e-49 2.146912732310420386e-34 4.943449253377090618e-34 nan nan nan nan
4.365158322400236875e+14 1.194194758275581442e-01 2.125112977191646380e+00 -1.478661137739175624e+00 9.376969550753991124e-31 9.402268141979834646e-50 4.104238902940188488e-35 9.450359315996314652e-35 nan nan nan nan
4.570881896147256250e+14 1.180302803061385186e-01 2.136814074672010122e+00 -1.472191986543692543e+00 1.786494964541828045e-31 1.640645484356018289e-50 7.499196742438669856e-36 1.726753862856879128e-35 nan nan nan nan
4.786300923224814375e+14 1.166511736818838657e-01 2.148567218997515571e+00 -1.465220419086979753e+00 3.246904191620041496e-32 2.731867640827044520e-51 1.307554061141847851e-36 3.010754489469044333e-36 nan nan nan nan
5.011872336271074375e+14 1.152821842697811794e-01 2.160372379953186428e+00 -1.458672034742466650e+00 5.621123198281027262e-33 4.331739481383475826e-52 2.171012527467905245e-37 4.998941082450924910e-37 nan nan nan nan
5.248074602495995000e+14 1.139236279653588202e-01 2.172226985219535056e+00 -1.452237873817980418e+00 9.259091418721700090e-34 6.534566091307772887e-53 3.429389034212384751e-38 7.896460068254685300e-38 nan nan nan nan
5.495408738574427500e+14 1.125752596111573023e-01 2.184133306679840736e+00 -1.445185911258553002e+00 1.448348417612213583e-34 9.364739131214700304e-54 5.146306925614715441e-39 1.184980961089246229e-38 nan nan nan nan
5.754399373369660000e+14 1.112368877562180114e-01 2.196093227747617060e+00 -1.438422418843265493e+00 2.147306530643321798e-35 1.271750092322096972e-54 7.318157934341082050e-40 1.685068136778987477e-39 nan nan nan nan
6.025595860741572500e+14 1.099088743941709634e-01 2.208103671113163635e+00 -1.431947808421688784e+00 3.013751232005226937e-36 1.634602211720353071e-55 9.849452320901179572e-41 2.267920208826266411e-40 nan nan nan nan
6.309573444799826250e+14 1.085911466214455473e-01 2.220165397628253157e+00 -1.424922392729947918e+00 3.996707509998728777e-37 1.985859374100512065e-56 1.252992557193139563e-41 2.885121983825412769e-41 nan nan nan nan
6.606934480073748750e+14 1.072833376965273561e-01 2.232281928481801181e+00 -1.417914791783942530e+00 4.996069674072366784e-38 2.274063166623940105e-57 1.502458634543340590e-42 3.459538854739685189e-42 nan nan nan nan
6.918309709187042500e+14 1.059857749140450528e-01 2.244450392799654637e+00 -1.411319758604784758e+00 5.878628999516655459e-39 2.450511327679429677e-58 1.695339631075742757e-43 3.903663762077030971e-43 nan nan nan nan
7.244359600747461250e+14 1.046985572558172817e-01 2.256669940992209078e+00 -1.404392969449564710e+00 6.499321242973240659e-40 2.481636180152864966e-59 1.797786488725266362e-44 4.139556369324906689e-44 nan nan nan nan
7.585775750289276250e+14 1.034212429376978604e-01 2.268944893736853263e+00 -1.397134019559440832e+00 6.732629253700279589e-41 2.355190705322236499e-60 1.786594853974011898e-45 4.113786677980433858e-45 nan nan nan nan
7.943282347240125000e+14 1.021540363316547351e-01 2.281273444728672217e+00 -1.390383450988078362e+00 6.523056788958743779e-42 2.089862703608445083e-61 1.660036952172848331e-46 3.822376339892470334e-46 nan nan nan nan
8.317637711023885000e+14 1.008971759987815214e-01 2.293653340133361418e+00 -1.383569510319939688e+00 5.900826655310866782e-43 1.731466359110618439e-62 1.440170988390770392e-47 3.316116249231089200e-47 nan nan nan nan
8.709635899557840000e+14 9.965026908610361001e-02 2.306088532014850756e+00 -1.376108613659189128e+00 4.968876674778441714e-44 1.335855132984088498e-63 1.163481182284683010e-48 2.679014426307799267e-48 nan nan nan nan
9.120108393555981250e+14 9.841331329764833880e-02 2.318579186335514297e+00 -1.369174804506646304e+00 3.885495239323846961e-45 9.567488770428272843e-65 8.725653464043548991e-50 2.009155959293853214e-49 nan nan nan nan
9.549925860211087500e+14 9.718664798781534442e-02 2.331121943331869506e+00 -1.362417137242798670e+00 2.816583868737409715e-46 6.351409875163457299e-66 6.065549341562357583e-51 1.396644349470133385e-50 nan nan nan nan
9.999999999996563750e+14 9.597002490391448593e-02 2.343719376855765812e+00 -1.354895042482034295e+00 1.886974396807526084e-47 3.898556082606043932e-67 3.898556082604704595e-52 8.976757120006856991e-52 nan nan nan nan
1.047128548050538750e+15 9.476320796122543466e-02 2.356374046726944282e+00 -1.347707509698477857e+00 1.164644430275349078e-48 2.204065266118283627e-68 2.307939661919062837e-53 5.314227461064551996e-53 nan nan nan nan
1.096478196142806125e+15 9.356657758738762265e-02 2.369082036323608254e+00 -1.340910946807360782e+00 6.609954549508561942e-50 1.145545486639643907e-69 1.256065648790169836e-54 2.892198038726139670e-54 nan nan nan nan
1.148153621496485000e+15 9.238007190496834442e-02 2.381843995619206122e+00 -1.333456716428747857e+00 3.439590334378972561e-51 5.460941007335056674e-71 6.269999194350407954e-56 1.443720667799592764e-55 nan nan nan nan
1.202264434616995000e+15 9.120327647057908937e-02 2.394664456334692382e+00 -1.325986901698412490e+00 1.634509251055616076e-52 2.377335098565850204e-72 2.858185438172410062e-57 6.581215182948446313e-57 nan nan nan nan
1.258925411793728500e+15 9.003652499588049585e-02 2.407539857692365892e+00 -1.319054692543582652e+00 7.077549366205765477e-54 9.427155220124651419e-74 1.186808526753882341e-58 2.732727621941714796e-58 nan nan nan nan
1.318256738555946500e+15 8.887993628798616930e-02 2.420468850482858425e+00 -1.311753707640495037e+00 2.784729750672364612e-55 3.397527860592757741e-75 4.478813996657971533e-60 1.031285034299772981e-59 nan nan nan nan
1.380384264602401000e+15 8.773303013894197255e-02 2.433456824068179536e+00 -1.303991310904923928e+00 9.910198087257321953e-57 1.107782692835460679e-76 1.529165797788944897e-61 3.521034370705171743e-61 nan nan nan nan
1.445439770745419500e+15 8.659599827181072018e-02 2.446501673813871403e+00 -1.296886261659436546e+00 3.180748131704434549e-58 3.256245200282909749e-78 4.706706315787801697e-63 1.083759179983391781e-62 nan nan nan nan
1.513561248435674750e+15 8.546910414455573257e-02 2.459600323378321463e+00 -1.289749981060857476e+00 9.182449000818417245e-60 8.609190075344278697e-80 1.303053647845810657e-64 3.000391904901276753e-64 nan nan nan nan
1.584893192460553500e+15 8.435193420577892509e-02 2.472757539538435800e+00 -1.281771881971630389e+00 2.372620435199317158e-61 2.038230311548911464e-81 3.230377345440622878e-66 7.438218720357255457e-66 nan nan nan nan
1.659586907436972500e+15 8.324445129591392933e-02 2.485973803443000119e+00 -1.274455514901971842e+00 5.465314251260789199e-63 4.300168426572137985e-83 7.136503220512966220e-68 1.643240593165715791e-67 nan nan nan nan
1.737800828748758000e+15 8.214702150418166926e-02 2.499244691952481556e+00 -1.267402923984461527e+00 1.119333369683763347e-64 8.064941022481542912e-85 1.401526119267828020e-69 3.227133149667896279e-69 nan nan nan nan
1.819700858609335000e+15 8.105939442090796809e-02 2.512573128561077951e+00 -1.259393771742753243e+00 2.028268087293657189e-66 1.338967569245533216e-86 2.436520435406151166e-71 5.610295633341565788e-71 nan nan nan nan
1.905460717962566250e+15 7.998128425026253263e-02 2.525962618549812078e+00 -1.251772642115243972e+00 3.234380000699710390e-68 1.955839093645311066e-88 3.726774563596649450e-73 8.581215555087036476e-73 nan nan nan nan
1.995262314968164750e+15 7.891309205309368635e-02 2.539408132663679485e+00 -1.244682004234367811e+00 4.525912490996963588e-70 2.506144599887317842e-90 5.000415876016134957e-75 1.151388305488551584e-74 nan nan nan nan
2.089296130853288750e+15 7.785476935226619266e-02 2.552910119222632002e+00 -1.236799787719769839e+00 5.531417753892639137e-72 2.805965043041046557e-92 5.862491907735240565e-77 1.349888647454939036e-76 nan nan nan nan
2.187761623948764500e+15 7.680584927011922802e-02 2.566474479357372385e+00 -1.228846176233981069e+00 5.864921532966832860e-74 2.725603351686025576e-94 5.962970414924815358e-79 1.373024678737040152e-78 nan nan nan nan
2.290867652766945500e+15 7.576667242340931474e-02 2.580096760811866563e+00 -1.221600242315381557e+00 5.376010723007924414e-76 2.287882330909481095e-96 5.241235625217571261e-81 1.206839101949530749e-80 nan nan nan nan
2.398832919018621500e+15 7.473738057338784324e-02 2.593774902724036657e+00 -1.213945455596565193e+00 4.241548964307900639e-78 1.653344557252073814e-98 3.966097350416542773e-83 9.132276636432314239e-83 nan nan nan nan
2.511886431508668000e+15 7.371745216204932116e-02 2.607515707791741022e+00 -1.205645484389503697e+00 2.858121179124233116e-80 1.020782127611350946e-100 2.564088775873502026e-85 5.904032592439676604e-85 nan nan nan nan
2.630267991894424000e+15 7.270706387788077041e-02 2.621316734405207960e+00 -1.198204096544008390e+00 1.637072361317215840e-82 5.354484171097279708e-103 1.408372832834252226e-87 3.242898290261944515e-87 nan nan nan nan
2.754228703337160500e+15 7.170650790747602754e-02 2.635173769700883017e+00 -1.190782441474923514e+00 7.937339014279908591e-85 2.377441784999024749e-105 6.548018404757448489e-90 1.507736956744515406e-89 nan nan nan nan
2.884031503125550000e+15 7.071534939572057810e-02 2.649092623622204101e+00 -1.182253034403443870e+00 3.230935403109116477e-87 8.867595431753308268e-108 2.557442458214875513e-92 5.888728880475620315e-92 nan nan nan nan
3.019951720400907500e+15 6.973351137598386706e-02 2.663074282269853210e+00 -1.174560409137959782e+00 1.096744893689526525e-89 2.756876135523342702e-110 8.325632828405923778e-95 1.917047804042933448e-94 nan nan nan nan
3.162277660167215000e+15 6.876139059129225684e-02 2.677112874831204525e+00 -1.167256320999012331e+00 3.091863209147162873e-92 7.116495340700848449e-113 2.250433423458236752e-97 5.181814453630493287e-97 nan nan nan nan
3.311311214824688500e+15 6.779873586925713735e-02 2.691211729205814862e+00 -1.158740333867180450e+00 7.180484735102939234e-95 1.514303654919983679e-115 5.014330675186557214e-100 1.154592306402733640e-99 nan nan nan nan
3.467368504524033000e+15 6.684520588941161856e-02 2.705375692449893066e+00 -1.150673434407827100e+00 1.361154881553461738e-97 2.629452445555969551e-118 9.117280593864462470e-103 2.099331438407621266e-102 nan nan nan nan
3.630780547699666000e+15 6.590122504861274655e-02 2.719598248137919061e+00 -1.143328358616891638e+00 2.096686286873478437e-100 3.708623332732732383e-121 1.346519745523110978e-105 3.100476293463651382e-105 nan nan nan nan
3.801893963204197500e+15 6.496676134173653971e-02 2.733879503850930259e+00 -1.135022394497320120e+00 2.604581735026754849e-103 4.220421039349460327e-124 1.604559327168269722e-108 3.694634387562213721e-108 nan nan nan nan
3.981071705533487500e+15 6.404129027427951648e-02 2.748227243113437357e+00 -1.126553483750759810e+00 2.579091124447513122e-106 3.828707187968964596e-127 1.524235785479592840e-111 3.509682597853380863e-111 nan nan nan nan
4.168693834701795000e+15 6.312516003115713203e-02 2.762635856242782850e+00 -1.119025649833158997e+00 2.024259857247821634e-109 2.751650704829203333e-130 1.147078932847434881e-114 2.641246851262021668e-114 nan nan nan nan
4.365158322400023000e+15 6.221853935738140551e-02 2.777102263240120994e+00 -1.111047593762125363e+00 1.250574853184357233e-112 1.556950748754982459e-133 6.796336518494759031e-118 1.564914315445708412e-117 nan nan nan nan
4.570881896147032000e+15 6.132086244693112087e-02 2.791635160385141923e+00 -1.102160123854945217e+00 6.000332596226147127e-116 6.845088363509781507e-137 3.128809047829357240e-121 7.204349072356772776e-121 nan nan nan nan
4.786300923224579000e+15 6.043228833223346363e-02 2.806231741838723259e+00 -1.094405597468790514e+00 2.218180011258626204e-119 2.317242170029090014e-140 1.109101833774516134e-124 2.553801349061561084e-124 nan nan nan nan
5.011872336270829000e+15 5.955314287603668405e-02 2.820886207477995455e+00 -1.086750008217085117e+00 6.277038978292573276e-123 6.004415164383240592e-144 3.009336225785742651e-128 6.929252733301215169e-128 nan nan nan nan
5.248074602495737000e+15 5.868296985137196747e-02 2.835605716023971823e+00 -1.077620077905414808e+00 1.340756532504013093e-126 1.175258256885743956e-147 6.167843009335483282e-132 1.420198336922341892e-131 nan nan nan nan
5.495408738574158000e+15 5.782164706683354943e-02 2.850392056690465470e+00 -1.069555746639825777e+00 2.136457218787211775e-130 1.715124430004000558e-151 9.425309780386006120e-136 2.170257779716780111e-135 nan nan nan nan
5.754399373369378000e+15 5.696960696356452580e-02 2.865237364520748287e+00 -1.062059422636671524e+00 2.523755298242840350e-134 1.854948546457100362e-155 1.067411475336517780e-139 2.457805751200647620e-139 nan nan nan nan
6.025595860741277000e+15 5.612659995708101784e-02 2.880145426295639410e+00 -1.053008319035181994e+00 2.180225161307235048e-138 1.468282460022518768e-159 8.847276713510708699e-144 2.037160747412311178e-143 nan nan nan nan
6.309573444799517000e+15 5.529222287201168706e-02 2.895123015569736946e+00 -1.044473886674801122e+00 1.355110088636516813e-142 8.359539722612560438e-164 5.274512984454293508e-148 1.214501497080799239e-147 nan nan nan nan
6.606934480073424000e+15 5.446692703476214287e-02 2.910161604915779687e+00 -1.036926855286682603e+00 6.017750321110632686e-147 3.398715515083817878e-168 2.245509072456778399e-152 5.170475716421865145e-152 nan nan nan nan
6.918309709186703000e+15 5.365070111041699008e-02 2.925260741763101802e+00 -1.028203267253257724e+00 1.885723972905469739e-151 9.756283965738837840e-173 6.749699408575354739e-157 1.554175724037633959e-156 nan nan nan nan
7.244359600747106000e+15 5.284295758202528503e-02 2.940430828486663373e+00 -1.019168687405726637e+00 4.084200467841925897e-156 1.935970391023024131e-177 1.402486568896977463e-161 3.229344666666547036e-161 nan nan nan nan
7.585775750288904000e+15 5.204405327959756022e-02 2.955664740600028928e+00 -1.011399917545802829e+00 6.057944793419592381e-161 2.629159488591708189e-182 1.994421429220095774e-166 4.592325052070071898e-166 nan nan nan nan
7.943282347239735000e+15 5.125418920745001411e-02 2.970957923671031953e+00 -1.003141979190041777e+00 6.085601554544040665e-166 2.418771644852698839e-187 1.921298610856246140e-171 4.423953540547760836e-171 nan nan nan nan
8.317637711023477000e+15 5.047275259440033718e-02 2.986321640897830143e+00 -9.935907838987476648e-01 4.043199318363813780e-171 1.472613687743980938e-192 1.224866714294868681e-176 2.820359837239961691e-176 nan nan nan nan
8.709635899557412000e+15 4.969988182166260038e-02 3.001752723716131666e+00 -9.855507329650753379e-01 1.752343236081998000e-176 5.844127448212206168e-198 5.090022222453788163e-182 1.172020929243051545e-181 nan nan nan nan
9.120108393555534000e+15 4.893594252532293409e-02 3.017243131529179667e+00 -9.777303520935081149e-01 4.904867957213904360e-182 1.497650760765795028e-203 1.365873727387495832e-187 3.145040483594661071e-187 nan nan nan nan
9.549925860210618000e+15 4.818045740087705670e-02 3.032801788256476616e+00 -9.679248513834094458e-01 8.651314716914353018e-188 2.420839757598391718e-209 2.311884020451488311e-193 5.323309682222739408e-193 nan nan nan nan
9.999999999996074000e+15 4.743325255611049313e-02 3.048431765519126202e+00 -9.594834313195229614e-01 9.415775400401612061e-194 2.412905889814377274e-215 2.412905889813429902e-199 5.555921132681937250e-199 nan nan nan nan
1.047128548050487400e+16 4.669480177468041115e-02 3.064122431537498858e+00 -9.518697315230835176e-01 6.263420236242952340e-200 1.469309526730814113e-221 1.538555951362386204e-205 3.542655998344302991e-205 nan nan nan nan
1.096478196142752400e+16 4.596485974100175675e-02 3.079878093101472647e+00 -9.422327058652958387e-01 2.487876401024065832e-206 5.347726998296082663e-228 5.863666052555585030e-212 1.350159004290973273e-211 nan nan nan nan
1.148153621496428600e+16 4.524295347226368891e-02 3.095708345332363720e+00 -9.331794839070852721e-01 5.727405594391301469e-213 1.127729317120934667e-234 1.294806499520095623e-218 2.981402144106774573e-218 nan nan nan nan
1.202264434616936200e+16 4.452956456908129662e-02 3.111601938068638606e+00 -9.254831830370054968e-01 7.559811521750303578e-220 1.362611642172156727e-241 1.638219515578563097e-225 3.772139835623126414e-225 nan nan nan nan
1.258925411793666800e+16 4.382470637694042132e-02 3.127557548095961426e+00 -9.163282304750572926e-01 5.604184919925660930e-227 9.253071806169467800e-249 1.164892723393826545e-232 2.682264619823861410e-232 nan nan nan nan
1.318256738555881800e+16 4.312772089823477956e-02 3.143589312328510577e+00 -9.066169612486566498e-01 2.246001511393920115e-234 3.397839906813212802e-256 4.479225353690607316e-240 1.031379752756897434e-239 nan nan nan nan
1.380384264602333400e+16 4.243897293015766459e-02 3.159688166043855606e+00 -8.986231244138797036e-01 4.792879945107064055e-242 6.638113395262728992e-264 9.163147277466640278e-248 2.109892632600366269e-247 nan nan nan nan
1.445439770745348600e+16 4.175870003390104446e-02 3.175847465348677900e+00 -8.901005328820760232e-01 5.349871133600751732e-250 6.784990609200598328e-272 9.807295270672256393e-256 2.258213189284094541e-255 nan nan nan nan
1.513561248435600400e+16 4.108623731305392074e-02 3.192082072120761005e+00 -8.797105072394052483e-01 2.990687470394212515e-258 3.476244861421269582e-280 5.261509512320617278e-264 1.211507336971582542e-263 nan nan nan nan
1.584893192460475600e+16 4.042169601534584961e-02 3.208388608081263360e+00 -8.713459020038502034e-01 8.170365927723397065e-267 8.695424137664392731e-289 1.378131852134079677e-272 3.173265858904206486e-272 nan nan nan nan
1.659586907436891000e+16 3.976548574658302776e-02 3.224755935217417768e+00 -8.633709104432710779e-01 1.074191334840740613e-275 1.046537871899630094e-297 1.736820550341492428e-281 3.999177108422035431e-281 nan nan nan nan
1.737800828748672600e+16 3.911710544108544518e-02 3.241195428345342577e+00 -8.526746881101838760e-01 6.501896565665960297e-285 5.806067322389078450e-307 1.008978860461832698e-290 2.323259683245535645e-290 nan nan nan nan
1.819700858609245600e+16 3.847631824453959931e-02 3.257712337477934206e+00 -8.437141043807543372e-01 1.742025878209990912e-294 1.424639920199865686e-316 2.592418485996702683e-300 5.969264160658201286e-300 nan nan nan nan
1.905460717962472800e+16 3.784364206578246653e-02 3.274292290334375632e+00 -8.359418309386285051e-01 2.036919475487280825e-304 0.000000000000000000e+00 0.000000000000000000e+00 0.000000000000000000e+00 nan nan nan nan
1.995262314968066800e+16 3.721883574710477260e-02 3.290940308560743155e+00 -8.254797233345140262e-01 9.975742794396405821e-315 0.000000000000000000e+00 0.000000000000000000e+00 0.000000000000000000e+00 nan nan nan nan
2.089296130853186400e+16 3.660134407800093304e-02 3.307670315806457317e+00 -8.156385671932251391e-01 0.000000000000000000e+00 0.000000000000000000e+00 0.000000000000000000e+00 0.000000000000000000e+00 nan nan nan nan
2.187761623948657200e+16 3.599168074277939861e-02 3.324467457709896046e+00 -8.076613652282098599e-01 0.000000000000000000e+00 0.000000000000000000e+00 0.000000000000000000e+00 0.000000000000000000e+00 nan nan nan nan
2.290867652766833200e+16 3.538988879586398018e-02 3.341329126877117250e+00 -7.978489557408322552e-01 0.000000000000000000e+00 0.000000000000000000e+00 0.000000000000000000e+00 0.000000000000000000e+00 nan nan nan nan
2.398832919018503600e+16 3.479523486617120548e-02 3.358274830710369141e+00 -7.870877928938326829e-01 0.000000000000000000e+00 0.000000000000000000e+00 0.000000000000000000e+00 0.000000000000000000e+00 nan nan nan nan
2.511886431508544400e+16 3.420809935482489739e-02 3.375292839711280468e+00 -7.787198868328752965e-01 0.000000000000000000e+00 0.000000000000000000e+00 0.000000000000000000e+00 0.000000000000000000e+00 nan nan nan nan
2.630267991894294800e+16 3.362877787886196790e-02 3.392373094096584829e+00 -7.698609764719548387e-01 0.000000000000000000e+00 0.000000000000000000e+00 0.000000000000000000e+00 0.000000000000000000e+00 nan nan nan nan
2.754228703337025600e+16 3.305657450689090948e-02 3.409534806389217021e+00 -7.583932668611172989e-01 0.000000000000000000e+00 0.000000000000000000e+00 0.000000000000000000e+00 0.000000000000000000e+00 nan nan nan nan
2.884031503125408400e+16 3.249160589795648674e-02 3.426773503069362459e+00 -7.498558585213940253e-01 0.000000000000000000e+00 0.000000000000000000e+00 0.000000000000000000e+00 0.000000000000000000e+00 nan nan nan nan
3.019951720400759200e+16 3.193438820985668170e-02 3.444071849507445826e+00 -7.422410991384310597e-01 0.000000000000000000e+00 0.000000000000000000e+00 0.000000000000000000e+00 0.000000000000000000e+00 nan nan nan nan
3.162277660167060000e+16 3.138447116390776642e-02 3.461442057317714927e+00 -7.312235316512313288e-01 0.000000000000000000e+00 0.000000000000000000e+00 0.000000000000000000e+00 0.000000000000000000e+00 nan nan nan nan
3.311311214824526400e+16 3.084164011011198553e-02 3.478889550439344003e+00 -7.229124850601437169e-01 0.000000000000000000e+00 0.000000000000000000e+00 0.000000000000000000e+00 0.000000000000000000e+00 nan nan nan nan
3.467368504523862800e+16 3.030657908369977643e-02 3.496390458561200454e+00 -7.169262963087305041e-01 0.000000000000000000e+00 0.000000000000000000e+00 0.000000000000000000e+00 0.000000000000000000e+00 nan nan nan nan
3.630780547699488000e+16 2.977918679193222382e-02 3.513945559287428910e+00 -7.080226189189774422e-01 0.000000000000000000e+00 0.000000000000000000e+00 0.000000000000000000e+00 0.000000000000000000e+00 nan nan nan nan
3.801893963204011200e+16 2.925895657778459710e-02 3.531569544388800441e+00 -7.005143492198271371e-01 0.000000000000000000e+00 0.000000000000000000e+00 0.000000000000000000e+00 0.000000000000000000e+00 nan nan nan nan
3.981071705533292000e+16 2.874658180923508541e-02 3.549236412399003893e+00 -6.964113010210222221e-01 0.000000000000000000e+00 0.000000000000000000e+00 0.000000000000000000e+00 0.000000000000000000e+00 nan nan nan nan
4.168693834701590400e+16 2.824227549449339486e-02 3.566935292602773533e+00 -6.907747188675250616e-01 0.000000000000000000e+00 0.000000000000000000e+00 0.000000000000000000e+00 0.000000000000000000e+00 nan nan nan nan
4.365158322399808800e+16 2.774533362150153476e-02 3.584687610713527484e+00 -6.842768241923868899e-01 0.000000000000000000e+00 0.000000000000000000e+00 0.000000000000000000e+00 0.000000000000000000e+00 nan nan nan nan
4.570881896146807200e+16 2.725623333141963256e-02 3.602473037924143195e+00 -6.817440849475626674e-01 0.000000000000000000e+00 0.000000000000000000e+00 0.000000000000000000e+00 0.000000000000000000e+00 nan nan nan nan
4.786300923224344000e+16 2.677537592667934493e-02 3.620272622534773443e+00 -6.792175702698042272e-01 0.000000000000000000e+00 0.000000000000000000e+00 0.000000000000000000e+00 0.000000000000000000e+00 nan nan nan nan
5.011872336270582400e+16 2.630202065297086722e-02 3.638109511838321541e+00 -6.731176166609421641e-01 0.000000000000000000e+00 0.000000000000000000e+00 0.000000000000000000e+00 0.000000000000000000e+00 nan nan nan nan
5.248074602495480000e+16 2.583621519632524691e-02 3.655978081526067847e+00 -6.710829737227379521e-01 0.000000000000000000e+00 0.000000000000000000e+00 0.000000000000000000e+00 0.000000000000000000e+00 nan nan nan nan
5.495408738573888000e+16 2.537846131152281595e-02 3.673854444557256738e+00 -6.702776806900259121e-01 0.000000000000000000e+00 0.000000000000000000e+00 0.000000000000000000e+00 0.000000000000000000e+00 nan nan nan nan
5.754399373369095200e+16 2.492816813889122199e-02 3.691756864335351995e+00 -6.642322517158457673e-01 0.000000000000000000e+00 0.000000000000000000e+00 0.000000000000000000e+00 0.000000000000000000e+00 nan nan nan nan
6.025595860740980800e+16 2.448487753376034012e-02 3.709699595524647453e+00 -6.609682953967913610e-01 0.000000000000000000e+00 0.000000000000000000e+00 0.000000000000000000e+00 0.000000000000000000e+00 nan nan nan nan
6.309573444799207200e+16 2.404913491513735110e-02 3.727656253341871562e+00 -6.600593533278718006e-01 0.000000000000000000e+00 0.000000000000000000e+00 0.000000000000000000e+00 0.000000000000000000e+00 nan nan nan nan
6.606934480073100000e+16 2.362062860314350504e-02 3.745634855394161633e+00 -6.540185310283350706e-01 0.000000000000000000e+00 0.000000000000000000e+00 0.000000000000000000e+00 0.000000000000000000e+00 nan nan nan nan
6.918309709186363200e+16 2.319850646401455663e-02 3.763667378933228669e+00 -6.482123261875591957e-01 0.000000000000000000e+00 0.000000000000000000e+00 0.000000000000000000e+00 0.000000000000000000e+00 nan nan nan nan
7.244359600746750400e+16 2.278325248621934640e-02 3.781729553006583533e+00 -6.456804740632433592e-01 0.000000000000000000e+00 0.000000000000000000e+00 0.000000000000000000e+00 0.000000000000000000e+00 nan nan nan nan
7.585775750288531200e+16 2.237487930597045066e-02 3.799816408982338523e+00 -6.397874797040201678e-01 0.000000000000000000e+00 0.000000000000000000e+00 0.000000000000000000e+00 0.000000000000000000e+00 nan nan nan nan
7.943282347239345600e+16 2.197236703037579869e-02 3.817969659182160580e+00 -6.308309462354436681e-01 0.000000000000000000e+00 0.000000000000000000e+00 0.000000000000000000e+00 0.000000000000000000e+00 nan nan nan nan
8.317637711023068800e+16 2.157600231615666372e-02 3.836173585795962460e+00 -6.260694157093829038e-01 0.000000000000000000e+00 0.000000000000000000e+00 0.000000000000000000e+00 0.000000000000000000e+00 nan nan nan nan
8.709635899556984000e+16 2.118608561272479832e-02 3.854410651811333910e+00 -6.204117666431008260e-01 0.000000000000000000e+00 0.000000000000000000e+00 0.000000000000000000e+00 0.000000000000000000e+00 nan nan nan nan
9.120108393555086400e+16 2.080170045341191501e-02 3.872720543048543185e+00 -6.084846634959681921e-01 0.000000000000000000e+00 0.000000000000000000e+00 0.000000000000000000e+00 0.000000000000000000e+00 nan nan nan nan
9.549925860210150400e+16 2.042277085356829572e-02 3.891104782328261180e+00 -6.013685235074975877e-01 0.000000000000000000e+00 0.000000000000000000e+00 0.000000000000000000e+00 0.000000000000000000e+00 nan nan nan nan
