# [1] m:            [M_sun/h] 
# [2] sigma 
# [3] ln(1/sigma) 
# [4] n_eff 
# [5] f(sigma) 
# [6] dn/dm:        [h^4/(Mpc^3*M_sun)] 
# [7] dn/dlnm:      [h^3/Mpc^3] 
# [8] dn/dlog10m:   [h^3/Mpc^3] 
# [9] n(>m):        [h^3/Mpc^3] 
# [11] rho(>m):     [M_sun*h^2/Mpc^3] 
# [11] rho(<m):     [M_sun*h^2/Mpc^3] 
# [12] Lbox(N=1):   [Mpc/h]
1.000000000000000000e+08 6.798616336351243072e-01 3.858659814651846376e-01 -2.515308955417428827e+00 1.001850513941630050e-01 6.098346381618171393e-08 6.098346381618171108e+00 1.404196147022818053e+01 nan nan nan nan
1.047128548050898463e+08 6.773339542701066751e-01 3.895908422149322314e-01 -2.514074617330376960e+00 9.885094469532756944e-02 5.501670505286061723e-08 5.760956248054646345e+00 1.326509197816153751e+01 nan nan nan nan
1.096478196143182814e+08 6.748092328493119352e-01 3.933252460546199369e-01 -2.512828306178043647e+00 9.751946952401789603e-02 4.962694534693998089e-08 5.441486351410906863e+00 1.252948535648931383e+01 nan nan nan nan
1.148153621496879309e+08 6.722875183283150147e-01 3.970691753074605534e-01 -2.511591878762228447e+00 9.619082938618137013e-02 4.475697371660595015e-08 5.138788145996175949e+00 1.183249698102530623e+01 nan nan nan nan
1.202264434617408216e+08 6.697688654258787677e-01 4.008226030916713367e-01 -2.510348212483964225e+00 9.486523201085686474e-02 4.035883161645490229e-08 4.852198787517632894e+00 1.117260059638188530e+01 nan nan nan nan
1.258925411794161052e+08 6.672532198312645102e-01 4.045856651845835539e-01 -2.509084975125667416e+00 9.354282893940267518e-02 3.638823506354124869e-08 4.581007381183139771e+00 1.054815930680799063e+01 nan nan nan nan
1.318256738556399345e+08 6.647405964252436350e-01 4.083583949910403743e-01 -2.507830941456313134e+00 9.222380933064699970e-02 3.280209118913508932e-08 4.324157774881882688e+00 9.956741232197327207e+00 nan nan nan nan
1.380384264602875412e+08 6.622310692438433399e-01 4.121407367517918585e-01 -2.506576372009171827e+00 9.090839440231748836e-02 2.956433380317618141e-08 4.081014117537128172e+00 9.396882271339242365e+00 nan nan nan nan
1.445439770745916069e+08 6.597246057048719026e-01 4.159327951240751053e-01 -2.505298897524887991e+00 8.959675042016257418e-02 2.664276562051605497e-08 3.851051303055589958e+00 8.867373322771097577e+00 nan nan nan nan
1.513561248436194658e+08 6.572211823376750139e-01 4.197346621490357088e-01 -2.504025475483429908e+00 8.828904949753578479e-02 2.400547912976688289e-08 3.633376296095897739e+00 8.366158096628334206e+00 nan nan nan nan
1.584893192461097836e+08 6.547208806786851687e-01 4.235462705372095571e-01 -2.502757449549318114e+00 8.698551945233040650e-02 2.162516422010936898e-08 3.427357555830464531e+00 7.891782416415735746e+00 nan nan nan nan
1.659586907437542677e+08 6.522236995916199653e-01 4.273676783668240442e-01 -2.501468314014403838e+00 8.568634563080937405e-02 1.947818810183258839e-08 3.232574595440708354e+00 7.443278075453033438e+00 nan nan nan nan
1.737800828749355078e+08 6.497295850065378797e-01 4.311990257209236677e-01 -2.500174582073259710e+00 8.439168669481864060e-02 1.754131600061835674e-08 3.048331348322890211e+00 7.019042321154727482e+00 nan nan nan nan
1.819700858609960079e+08 6.472386101137328485e-01 4.350402578576113011e-01 -2.498890403617376688e+00 8.310176808635014178e-02 1.579381880216550010e-08 2.874002563503069041e+00 6.617635459948840726e+00 nan nan nan nan
1.905460717963221073e+08 6.447508071821755893e-01 4.388913822909887297e-01 -2.497591125212562879e+00 8.181679437581423908e-02 1.421817742868998924e-08 2.709217857140008956e+00 6.238204651523857613e+00 nan nan nan nan
1.995262314968850315e+08 6.422661087695252791e-01 4.427525615324159336e-01 -2.496277116387093820e+00 8.053691918442570929e-02 1.279766862657922561e-08 2.553470593007269418e+00 5.879583322857205196e+00 nan nan nan nan
2.089296130854006708e+08 6.397845631048383330e-01 4.466237794463895350e-01 -2.494974818126038496e+00 7.926235629947829542e-02 1.151659727035052374e-08 2.406158211754716447e+00 5.540384029771621144e+00 nan nan nan nan
2.187761623949516118e+08 6.373062313525492684e-01 4.505049989714991487e-01 -2.493665271822218976e+00 7.799332619589921523e-02 1.036189829393171807e-08 2.266936343873177773e+00 5.219813832168803458e+00 nan nan nan nan
2.290867652767732441e+08 6.348310539264392371e-01 4.543963722975942754e-01 -2.492332652455933939e+00 7.672998768536629099e-02 9.321558449101143917e-09 2.135445672442956244e+00 4.917045372265797631e+00 nan nan nan nan
2.398832919019445777e+08 6.323590406323628121e-01 4.582979438778848058e-01 -2.491010466691205849e+00 7.547253540055422205e-02 8.383820261686396717e-09 2.011138403087555204e+00 4.630817306897255570e+00 nan nan nan nan
2.511886431509530842e+08 6.298902728307437249e-01 4.622096448758641896e-01 -2.489688727749388431e+00 7.422120020802873419e-02 7.538888184215995619e-09 1.893683093859968469e+00 4.360366462776807950e+00 nan nan nan nan
2.630267991895327568e+08 6.274247165080173438e-01 4.661315888660199080e-01 -2.488340752665797684e+00 7.297615420662764696e-02 6.778068721379305917e-09 1.782813720471087660e+00 4.105080296341980350e+00 nan nan nan nan
2.754228703338106871e+08 6.249623397599793906e-01 4.700638874452574001e-01 -2.486996708466756800e+00 7.173757070527704560e-02 6.092716703221824036e-09 1.678073522532107065e+00 3.863907077930437861e+00 nan nan nan nan
2.884031503126540780e+08 6.225032304954515316e-01 4.740064611058138477e-01 -2.485659842540461462e+00 7.050568297325716938e-02 5.475436224344618081e-09 1.579133056437012073e+00 3.636088235605989372e+00 nan nan nan nan
3.019951720401945114e+08 6.200473900805143490e-01 4.779593682503197050e-01 -2.484299448456251724e+00 6.928068015806604363e-02 4.919873157360831766e-09 1.485777940573119293e+00 3.421130137463058052e+00 nan nan nan nan
3.162277660168301463e+08 6.175947547592783859e-01 4.819227732492187832e-01 -2.482932715939598634e+00 6.806271870470166629e-02 4.419778653347808178e-09 1.397656729837051248e+00 3.218223551245600778e+00 nan nan nan nan
3.311311214825826287e+08 6.151454012586621278e-01 4.858966143087277145e-01 -2.481577724672686003e+00 6.685202440203734386e-02 3.969560124774566947e-09 1.314444895909143041e+00 3.026621222882503126e+00 nan nan nan nan
3.467368504525224566e+08 6.126993675527480088e-01 4.898808914809483217e-01 -2.480206547840943188e+00 6.564880267924565194e-02 3.564525956944998337e-09 1.235952503667372415e+00 2.845885810593160592e+00 nan nan nan nan
3.630780547700913548e+08 6.102565778434325683e-01 4.938757908348656578e-01 -2.478817359461825465e+00 6.445320229946105428e-02 3.200210966537885626e-09 1.161926372584489497e+00 2.675434344669691100e+00 nan nan nan nan
3.801893963205503821e+08 6.078170794776928121e-01 4.978812984044683199e-01 -2.477442093342166807e+00 6.326543173830823097e-02 2.872400984494172718e-09 1.092056396285394193e+00 2.514552778795546839e+00 nan nan nan nan
3.981071705534855127e+08 6.053809414289768043e-01 5.018973638464853115e-01 -2.476059821076940892e+00 6.208570846543403493e-02 2.577611809460456714e-09 1.026165744249552425e+00 2.362833945650160139e+00 nan nan nan nan
4.168693834703227282e+08 6.029480991854878624e-01 5.059241569617806134e-01 -2.474650431816937779e+00 6.091418401676853417e-02 2.312655682425783601e-09 9.640753485119748500e-01 2.219865526006712830e+00 nan nan nan nan
4.365158322401522398e+08 6.005185568184429057e-01 5.099617356607253349e-01 -2.473252861906702016e+00 5.975104216931267920e-02 2.074396814157032408e-09 9.055070517280774389e-01 2.085007038910059673e+00 nan nan nan nan
4.570881896148602366e+08 5.980924041008638392e-01 5.140100150609865359e-01 -2.471857108462265362e+00 5.859650599823014450e-02 1.860232925383918922e-09 8.502905001256908513e-01 1.957866230303867638e+00 nan nan nan nan
4.786300923226223588e+08 5.956696064539067637e-01 5.180691172138420786e-01 -2.470431405218440180e+00 5.745073744970675966e-02 1.667869232741165949e-09 7.982924048489655755e-01 1.838136191255596019e+00 nan nan nan nan
5.011872336272550821e+08 5.932501227679999323e-01 5.221391767248613203e-01 -2.469009371830007016e+00 5.631389424276492944e-02 1.495018560353507287e-09 7.492842164849757847e-01 1.725290667294028690e+00 nan nan nan nan
5.248074602497540712e+08 5.908340478778697502e-01 5.262200998604307234e-01 -2.467596720570812696e+00 5.518619615308514859e-02 1.339724037715173507e-09 7.030971696688459449e-01 1.618941061805790005e+00 nan nan nan nan
5.495408738576046228e+08 5.884213868069015918e-01 5.303119435209429078e-01 -2.466158012431885371e+00 5.406781843875065052e-02 1.200316408562490563e-09 6.596229280670526940e-01 1.518837921164279292e+00 nan nan nan nan
5.754399373371354342e+08 5.860120656436512698e-01 5.344148997815098001e-01 -2.464710797397805297e+00 5.295889812010357023e-02 1.075156268172871524e-09 6.186878555850255923e-01 1.424581433486532989e+00 nan nan nan nan
6.025595860743346214e+08 5.836061645833087175e-01 5.385288993610071184e-01 -2.463277905994488926e+00 5.185964127176612842e-02 9.627713298886374037e-10 5.801270940219340755e-01 1.335791998736860720e+00 nan nan nan nan
6.309573444801684618e+08 5.812037284396112113e-01 5.426539322349903660e-01 -2.461827884070452388e+00 5.077023467835931059e-02 8.619350283997865462e-10 5.438442366335679568e-01 1.252247632183179915e+00 nan nan nan nan
6.606934480075694323e+08 5.788046732153239171e-01 5.467902102848318791e-01 -2.460355992890875143e+00 4.969080440253080544e-02 7.714851185003492248e-10 5.097151630285240431e-01 1.173662536062509254e+00 nan nan nan nan
6.918309709189080000e+08 5.764090447658806182e-01 5.509377231584408063e-01 -2.458900513103595920e+00 4.862153294378973589e-02 6.903191747505400043e-10 4.775841849116054250e-01 1.099678224827174589e+00 nan nan nan nan
7.244359600749595165e+08 5.740169207392481487e-01 5.550964044572520573e-01 -2.457438569341137580e+00 4.756261353786447182e-02 6.175310453774742966e-10 4.473616957341239875e-01 1.030088371773931977e+00 nan nan nan nan
7.585775750291509628e+08 5.716282324926038605e-01 5.592664421017281562e-01 -2.455944964203221836e+00 4.651417156344564430e-02 5.522965017351924527e-10 4.189597409833655806e-01 9.646904541529441879e-01 nan nan nan nan
7.943282347242463827e+08 5.692429775608447429e-01 5.634479104150488249e-01 -2.454464584827261042e+00 4.547635921025169198e-02 4.938019552136173392e-10 3.922408353882140264e-01 9.031679004284330903e-01 nan nan nan nan
8.317637711026334763e+08 5.668612545140654380e-01 5.676407062319621666e-01 -2.452987765001009457e+00 4.444936905809634964e-02 4.413740628844567460e-10 3.671189550116666367e-01 8.453226331654153380e-01 nan nan nan nan
8.709635899560405016e+08 5.644830293679128363e-01 5.718449589658257670e-01 -2.451477017196849406e+00 4.343333259645817956e-02 3.944229255925093906e-10 3.435280072350161973e-01 7.910024684852990928e-01 nan nan nan nan
9.120108393558667898e+08 5.621082512744240978e-01 5.760608297108754661e-01 -2.449969425324384886e+00 4.242837144697256951e-02 3.523606165207942631e-10 3.213567016290802547e-01 7.399511507048556203e-01 nan nan nan nan
9.549925860213899612e+08 5.597370218028986377e-01 5.802882094747922048e-01 -2.448473750658699988e+00 4.143466819372202542e-02 3.146836797653916200e-10 3.005205811178782715e-01 6.919742102199344380e-01 nan nan nan nan
9.999999999999508858e+08 5.573693507736597885e-01 5.845271514997917306e-01 -2.446949531305767422e+00 4.045236228829540009e-02 2.809653864767918414e-10 2.809653864767780451e-01 6.469467105487399783e-01 nan nan nan nan
1.047128548050847054e+09 5.550051542104621483e-01 5.887778784131276755e-01 -2.445414153204429120e+00 3.948155097904652161e-02 2.507882324435150977e-10 2.626075177068162847e-01 6.046761555798850774e-01 nan nan nan nan
1.096478196143129110e+09 5.526445151213345008e-01 5.930403139621374109e-01 -2.443895943393265213e+00 3.852239660485667211e-02 2.237760114628246452e-10 2.453655173888621421e-01 5.649749826743653003e-01 nan nan nan nan
1.148153621496823072e+09 5.502874859287611997e-01 5.973144356279063150e-01 -2.442359916843289902e+00 3.757504386143371844e-02 1.996170563565811071e-10 2.291910461683440148e-01 5.277318863549390615e-01 nan nan nan nan
1.202264434617349148e+09 5.479339752590161039e-01 6.016004823967789905e-01 -2.440797613328138382e+00 3.663957555987639586e-02 1.780178771794881685e-10 2.140245624589780515e-01 4.928097670526159768e-01 nan nan nan nan
1.258925411794099331e+09 5.455840265838789449e-01 6.058984496705364098e-01 -2.439254337778548276e+00 3.571612459513112681e-02 1.586990838015369788e-10 1.997903094261962165e-01 4.600341882094272083e-01 nan nan nan nan
1.318256738556334734e+09 5.432377264512187054e-01 6.102082529195610450e-01 -2.437705471802494195e+00 3.480483534173500065e-02 1.414319757407574858e-10 1.864436550675896143e-01 4.293023808419556553e-01 nan nan nan nan
1.380384264602807522e+09 5.408950034049661015e-01 6.145300977052590152e-01 -2.436120012282957603e+00 3.390578580201017433e-02 1.260098989114990281e-10 1.739420816416236970e-01 4.005164442323560503e-01 nan nan nan nan
1.445439770745845318e+09 5.385558477241335629e-01 6.188640779690628424e-01 -2.434549062347124870e+00 3.301907393867974799e-02 1.122287135741325537e-10 1.622198460196953018e-01 3.735249992327399071e-01 nan nan nan nan
1.513561248436120510e+09 5.362203664109462808e-01 6.232100710389711917e-01 -2.432983735514100854e+00 3.214483657369476138e-02 9.991965046564725796e-11 1.512345109020858669e-01 3.482303303493884394e-01 nan nan nan nan
1.584893192461020231e+09 5.338885274561723238e-01 6.275682118953475053e-01 -2.431380393011945085e+00 3.128315257537857275e-02 8.893577853132345053e-11 1.409537099605154831e-01 3.245579113572893415e-01 nan nan nan nan
1.659586907437461376e+09 5.315602701329069646e-01 6.319386913300304442e-01 -2.429779351426644585e+00 3.043408602889749112e-02 7.913113065712046832e-11 1.313249884092802522e-01 3.023869606488245876e-01 nan nan nan nan
1.737800828749269724e+09 5.292357019185970346e-01 6.363213850739988242e-01 -2.428192969917126298e+00 2.959775720968651005e-02 7.038051839118372381e-11 1.223073231880022899e-01 2.816230191366990709e-01 nan nan nan nan
1.819700858609870911e+09 5.269148384273083519e-01 6.407163404110909344e-01 -2.426575748233765761e+00 2.877424668866584295e-02 6.257836134242269390e-11 1.138738978652053258e-01 2.622043397055482949e-01 nan nan nan nan
1.905460717963127375e+09 5.245975862554241864e-01 6.451238126742757650e-01 -2.424944198541264306e+00 2.796359152245170981e-02 5.562206474307583477e-11 1.059856594199328345e-01 2.440409994514813330e-01 nan nan nan nan
1.995262314968752384e+09 5.222840301704678723e-01 6.495437199781065596e-01 -2.423332789424627265e+00 2.716588619618699740e-02 4.941892596565611634e-11 9.860372062550440408e-02 2.270434572260359718e-01 nan nan nan nan
2.089296130853904009e+09 5.199742305346695126e-01 6.539760252987331102e-01 -2.421703223189869636e+00 2.638120971834947287e-02 4.389243206230309970e-11 9.170428848153770740e-02 2.111569276212143242e-01 nan nan nan nan
2.187761623949408531e+09 5.176680899220321708e-01 6.584209951388894089e-01 -2.420042456173239209e+00 2.560958183230545998e-02 3.897111724232279383e-11 8.525951474518690676e-02 1.963172876881734141e-01 nan nan nan nan
2.290867652767620087e+09 5.153656484228240631e-01 6.628786333094655037e-01 -2.418403340038780325e+00 2.485106350616281615e-02 3.458685318759900481e-11 7.923390317849321463e-02 1.824428043185320203e-01 nan nan nan nan
2.398832919019328117e+09 5.130670011616831339e-01 6.673488357866722565e-01 -2.416759839018687739e+00 2.410572677007811679e-02 3.068398899656427930e-11 7.360576289178523413e-02 1.694835323930790061e-01 nan nan nan nan
2.511886431509407520e+09 5.107720754863438462e-01 6.718318245124280663e-01 -2.415074525154801144e+00 2.337358268098184769e-02 2.721259696446357011e-11 6.835495308117013613e-02 1.573930959970097909e-01 nan nan nan nan
2.630267991895198822e+09 5.084808538667221489e-01 6.763277163818876003e-01 -2.413404782306518115e+00 2.265465498889249890e-02 2.412348998621041596e-11 6.345124356353361306e-02 1.461018875613268875e-01 nan nan nan nan
2.754228703337971687e+09 5.061934508852539150e-01 6.808363687555700761e-01 -2.411742983732529488e+00 2.194900217456220368e-02 2.137598149477808474e-11 5.887434179493912512e-02 1.355631817768631620e-01 nan nan nan nan
2.884031503126399040e+09 5.039098379011102136e-01 6.853579199673920375e-01 -2.410039098004094882e+00 2.125663112913098868e-02 1.893484850061724171e-11 5.460869958270579000e-02 1.257411776069285170e-01 nan nan nan nan
3.019951720401796818e+09 5.016299444863214774e-01 6.898925935060397086e-01 -2.408336252139363420e+00 2.057753083397922261e-02 1.676534090739238979e-11 5.063052011640226807e-02 1.165810808705630280e-01 nan nan nan nan
3.162277660168146610e+09 4.993538828750254122e-01 6.944402504645581509e-01 -2.406650924442655715e+00 1.991173848653695483e-02 1.483759857797389978e-11 4.692060651366952023e-02 1.080386891126147719e-01 nan nan nan nan
3.311311214825664043e+09 4.970816752251245307e-01 6.990009299182031732e-01 -2.404932752068240198e+00 1.925925697375967943e-02 1.312652418616532761e-11 4.346600674932957209e-02 1.000841791929848595e-01 nan nan nan nan
3.467368504525054455e+09 4.948132196925362214e-01 7.035749215762890918e-01 -2.403196530722943258e+00 1.862004777081720241e-02 1.160797054501754279e-11 4.024911146924835953e-02 9.267700407534695817e-02 nan nan nan nan
3.630780547700735569e+09 4.925486016153248769e-01 7.081621397559949571e-01 -2.401483489789156600e+00 1.799411941874266146e-02 1.026008363359188555e-11 3.725211207462809926e-02 8.577615794558215989e-02 nan nan nan nan
3.801893963205317020e+09 4.902878892952802770e-01 7.127625312311151040e-01 -2.399752331440067721e+00 1.738146766134297805e-02 9.064859853574473330e-12 3.446363595460702478e-02 7.935545439945175528e-02 nan nan nan nan
3.981071705534659863e+09 4.880309808162391350e-01 7.173763898649164750e-01 -2.397984547927128673e+00 1.678203560903165914e-02 8.005647144448943877e-12 3.187105533126003559e-02 7.338581690374777755e-02 nan nan nan nan
4.168693834703022480e+09 4.857779119138596613e-01 7.220037308955387090e-01 -2.396240992149847315e+00 1.619579759882763814e-02 7.066593856340923716e-12 2.945846624127866631e-02 6.783062522963659302e-02 nan nan nan nan
4.365158322401308060e+09 4.835287856861771871e-01 7.266444297985750200e-01 -2.394494566751905307e+00 1.562273775213347815e-02 6.234754460244280909e-12 2.721569032026399659e-02 6.266644282698223545e-02 nan nan nan nan
4.570881896148377419e+09 4.812835299076810847e-01 7.312987232717202968e-01 -2.392700882273254503e+00 1.506278829085110245e-02 5.498600785324851098e-12 2.513345478378861339e-02 5.787191832059155466e-02 nan nan nan nan
4.786300923225988388e+09 4.790421188220773119e-01 7.359667547018764466e-01 -2.390923539515817264e+00 1.451588779943650993e-02 4.846850067042671681e-12 2.319848295062428359e-02 5.341648102218400640e-02 nan nan nan nan
5.011872336272304535e+09 4.768046735677979875e-01 7.406483613331507065e-01 -2.389156679068142441e+00 1.398200368115845929e-02 4.270152735485700401e-12 2.140146036663828980e-02 4.927868360852421387e-02 nan nan nan nan
5.248074602497282982e+09 4.745711700693631685e-01 7.453436825706974966e-01 -2.387343746416551227e+00 1.346106089230009878e-02 3.760454404083684774e-12 1.973514525192063968e-02 4.544185126514468931e-02 nan nan nan nan
5.495408738575776100e+09 4.723415285698965849e-01 7.500529775739597227e-01 -2.385530123792744650e+00 1.295296604389625447e-02 3.309893281813366362e-12 1.818921646463042899e-02 4.188221868469988590e-02 nan nan nan nan
5.754399373371071815e+09 4.701158648670010209e-01 7.547760936657208486e-01 -2.383736976412770048e+00 1.245766416819650557e-02 2.911701813455537838e-12 1.675509509079196185e-02 3.858003218775529070e-02 nan nan nan nan
6.025595860743050575e+09 4.678942081501203387e-01 7.595130595791412809e-01 -2.381909302732609923e+00 1.197507302093815500e-02 2.560203842085643474e-12 1.542675367352970735e-02 3.552141304196063804e-02 nan nan nan nan
6.309573444801375389e+09 4.656764492670640299e-01 7.642642008822390087e-01 -2.380059258682467593e+00 1.150507463116365835e-02 2.250006568617598455e-12 1.419658169597826265e-02 3.268883738463167904e-02 nan nan nan nan
6.606934480075369835e+09 4.634626729509219722e-01 7.690294302269036208e-01 -2.378235518735515530e+00 1.104758680039030772e-02 1.976230051103418931e-12 1.305682246519628865e-02 3.006444477023074296e-02 nan nan nan nan
6.918309709188739777e+09 4.612529552550021505e-01 7.738086765910099363e-01 -2.376394061339956565e+00 1.060251781427131237e-02 1.734855953064059374e-12 1.200227078412696713e-02 2.763624978960871337e-02 nan nan nan nan
7.244359600749238968e+09 4.590471913173421736e-01 7.786022608789769928e-01 -2.374510044376722195e+00 1.016973343614404994e-02 1.522208269922861777e-12 1.102742409455557265e-02 2.539158233424702524e-02 nan nan nan nan
7.585775750291137695e+09 4.568454116018497158e-01 7.834102131430504823e-01 -2.372652777261897494e+00 9.749121293554364326e-03 1.334804373336214680e-12 1.012552664663641556e-02 2.331488671525900128e-02 nan nan nan nan
7.943282347242074013e+09 4.546477265345995056e-01 7.882323872964897005e-01 -2.370794442351295217e+00 9.340577333815821420e-03 1.169796824123070318e-12 9.292026462916625276e-03 2.139568161721801254e-02 nan nan nan nan
8.317637711025926590e+09 4.524540657494293128e-01 7.930690331508211122e-01 -2.368883200943718847e+00 8.943957438286950778e-03 1.024669080996786999e-12 8.522826189421154816e-03 1.962453253394039893e-02 nan nan nan nan
8.709635899559976578e+09 4.502643949680663060e-01 7.979203243809076529e-01 -2.366988735457221438e+00 8.559119713599986842e-03 8.969840213077710732e-13 7.812404233313833754e-03 1.798872552807201028e-02 nan nan nan nan
9.120108393558219910e+09 4.480788409364899194e-01 8.027860778173241396e-01 -2.365107515867667320e+00 8.185944716335359639e-03 7.847171798305236377e-13 7.156705738341693525e-03 1.647892394805052993e-02 nan nan nan nan
9.549925860213432312e+09 4.458973850759103685e-01 8.076664317392805437e-01 -2.363176346341658185e+00 7.824281572125642639e-03 6.861322370891942639e-13 6.552511994504190383e-03 1.508771644021003264e-02 nan nan nan nan
9.999999999999017715e+09 4.437199387659501171e-01 8.125616841132423662e-01 -2.361242218390417147e+00 7.473963664971878043e-03 5.995582089891831494e-13 5.995582089891242188e-03 1.380533794400566269e-02 nan nan nan nan
1.047128548050795746e+10 4.415466202693565934e-01 8.174716693388196509e-01 -2.359331668157909512e+00 7.134853019563034381e-03 5.235551739817346925e-13 5.482295691559756386e-03 1.262345233477097858e-02 nan nan nan nan
1.096478196143075180e+10 4.393774660773895890e-01 8.223964037390421034e-01 -2.357385216000281059e+00 6.806792519386118193e-03 4.569170804227504899e-13 5.009996161288978768e-03 1.153594247694139652e-02 nan nan nan nan
1.148153621496766663e+10 4.372123608544479234e-01 8.273362503107841714e-01 -2.355411409047437843e+00 6.489597976603351734e-03 3.985149106648572946e-13 4.575563379003163428e-03 1.053562402854214992e-02 nan nan nan nan
1.202264434617290115e+10 4.350513876392593238e-01 8.322911223665033775e-01 -2.353467181101124517e+00 6.183110720848990216e-03 3.473295759691264539e-13 4.175819962783849058e-03 9.615180797333042553e-03 nan nan nan nan
1.258925411794037437e+10 4.328946300069444475e-01 8.372609293075040648e-01 -2.351505963623478301e+00 5.887166480724794274e-03 3.025216575866989840e-13 3.808522023539497991e-03 8.769446037741567002e-03 nan nan nan nan
1.318256738556269836e+10 4.307419815423910725e-01 8.422460188549849569e-01 -2.349495714343555530e+00 5.601570775299790673e-03 2.633323150744531146e-13 3.471395988265206164e-03 7.993184654458798319e-03 nan nan nan nan
1.380384264602739906e+10 4.285934666147641625e-01 8.472464396081581528e-01 -2.347514702399822184e+00 5.326143808088643072e-03 2.290486761973425341e-13 3.161751884508997700e-03 7.280202757016250407e-03 nan nan nan nan
1.445439770745774269e+10 4.264492024405788784e-01 8.522620224483867801e-01 -2.345534708375209387e+00 5.060713132700117925e-03 1.990868187326450542e-13 2.877680056274199791e-03 6.626103199983239544e-03 nan nan nan nan
1.513561248436046219e+10 4.243091216782353126e-01 8.572930288238532759e-01 -2.343495946996812407e+00 4.805079350666843947e-03 1.729346992900285560e-13 2.617472593553278604e-03 6.026953375236242944e-03 nan nan nan nan
1.584893192460942268e+10 4.221731813093197450e-01 8.623396668803169351e-01 -2.341474016061706909e+00 4.559043941648867858e-03 1.501035147220055090e-13 2.378980386473673533e-03 5.477804774419494857e-03 nan nan nan nan
1.659586907437379837e+10 4.200415128862167724e-01 8.674017323838162374e-01 -2.339468367915761071e+00 4.322425305445144403e-03 1.301863002151149809e-13 2.160554793647169545e-03 4.974861260448799373e-03 nan nan nan nan
1.737800828749184418e+10 4.179141040100070592e-01 8.724793603729450453e-01 -2.337408985715683674e+00 4.095022009101644163e-03 1.128355498748151912e-13 1.960857120848237545e-03 4.515040375956375952e-03 nan nan nan nan
1.819700858609781647e+10 4.157908576921953148e-01 8.775728910722055964e-01 -2.335343770066045099e+00 3.876621990295152972e-03 9.772253002931637902e-14 1.778257717998671904e-03 4.094589712965351729e-03 nan nan nan nan
1.905460717963034058e+10 4.136718937191016243e-01 8.826821466211165479e-01 -2.333305472584254137e+00 3.667033666211569082e-03 8.456408515092513147e-14 1.611335424055689415e-03 3.710236927243869796e-03 nan nan nan nan
1.995262314968654251e+10 4.115572560347658948e-01 8.878071287268880507e-01 -2.331230172041804050e+00 3.466054699820659852e-03 7.312337889687110234e-14 1.459003222561010803e-03 3.359479070899257670e-03 nan nan nan nan
2.089296130853801727e+10 4.094468241532919772e-01 8.929482396684910173e-01 -2.329121793530910978e+00 3.273465850066193360e-03 6.318233415573839486e-14 1.320066062898962245e-03 3.039564438198491189e-03 nan nan nan nan
2.187761623949301147e+10 4.073406784422082816e-01 8.981053958991032093e-01 -2.327046511095557157e+00 3.089065586685182854e-03 5.454517580094789146e-14 1.193318423888818864e-03 2.747717214041544252e-03 nan nan nan nan
2.290867652767507553e+10 4.052389098068521212e-01 9.032784850409953936e-01 -2.324955275634710272e+00 2.912651017307254630e-03 4.705060013183476716e-14 1.077866978853188849e-03 2.481880437737881209e-03 nan nan nan nan
2.398832919019210052e+10 4.031414114513144908e-01 9.084678816838490656e-01 -2.322807935089893139e+00 2.744001646716610638e-03 4.055462554086034281e-14 9.728377076591302386e-04 2.240041603558412791e-03 nan nan nan nan
2.511886431509284210e+10 4.010482009055749697e-01 9.136736571396819606e-01 -2.320692310577238349e+00 2.582907312460900207e-03 3.492364137873090758e-14 8.772422091813035462e-04 2.019924833806033965e-03 nan nan nan nan
2.630267991895069504e+10 3.989594017681052929e-01 9.188956172237746634e-01 -2.318580096097914378e+00 2.429164975213504718e-03 3.004802923016175299e-14 7.903436950362189998e-04 1.819833610532230108e-03 nan nan nan nan
2.754228703337836456e+10 3.968749506202486899e-01 9.241340337566094076e-01 -2.316402993351466488e+00 2.282557136663381728e-03 2.583247259870262534e-14 7.114853750953491858e-04 1.638255618577828202e-03 nan nan nan nan
2.884031503126257706e+10 3.947947955356361782e-01 9.293891540435504917e-01 -2.314242357203106337e+00 2.142868157531915060e-03 2.218759732489457422e-14 6.398972966367582910e-04 1.473417976282988566e-03 nan nan nan nan
3.019951720401648712e+10 3.927190722206241325e-01 9.346607516800681248e-01 -2.312101390755543662e+00 2.009895296298603098e-03 1.903890788913143846e-14 5.749658263435100929e-04 1.323907740719569700e-03 nan nan nan nan
3.162277660167991257e+10 3.906477749394219323e-01 9.399489563461540520e-01 -2.309902960356764900e+00 1.883426530181731961e-03 1.632311406777431372e-14 5.161821896089658019e-04 1.188553415062630712e-03 nan nan nan nan
3.311311214825501251e+10 3.885807987779515416e-01 9.452541545360761965e-01 -2.307695128808454843e+00 1.763245350341997473e-03 1.398151722859879425e-14 4.629715479933514980e-04 1.066031384889868728e-03 nan nan nan nan
3.467368504524884033e+10 3.865182642263398360e-01 9.505761566343202684e-01 -2.305517903781774347e+00 1.649149886216654893e-03 1.196369549689257981e-14 4.148254096365151518e-04 9.551708044241884795e-04 nan nan nan nan
3.630780547700556946e+10 3.844602227695397834e-01 9.559149472226954325e-01 -2.303302819304476667e+00 1.540934931809062733e-03 1.022757142205354022e-14 3.713406736941011620e-04 8.550434996704035697e-04 nan nan nan nan
3.801893963205130768e+10 3.824065496562090716e-01 9.612709701895162384e-01 -2.301048091127874340e+00 1.438387970070259102e-03 8.735092433556551846e-15 3.320989519117746830e-04 7.646860960709989108e-04 nan nan nan nan
3.981071705534464264e+10 3.803573216934488799e-01 9.666441478399208087e-01 -2.298830311591653963e+00 1.341309089099812111e-03 7.452400190375017505e-15 2.966853953622163639e-04 6.831433686700842493e-04 nan nan nan nan
4.168693834702818298e+10 3.783126369830039359e-01 9.720343432407437811e-01 -2.296597927629322911e+00 1.249500771734295135e-03 6.351617545166083721e-15 2.647794890092410123e-04 6.096773043232591761e-04 nan nan nan nan
4.365158322401094055e+10 3.762723892979663587e-01 9.774419582497119174e-01 -2.294301673860361213e+00 1.162758599442289707e-03 5.408200885560836360e-15 2.360765310482285247e-04 5.435863011973970840e-04 nan nan nan nan
4.570881896148153687e+10 3.742365886508130512e-01 9.828670915928664487e-01 -2.292039623033266249e+00 1.080886382974342863e-03 4.599738740137655739e-15 2.102486253430652639e-04 4.841153505374322201e-04 nan nan nan nan
4.786300923225753784e+10 3.722053647326198922e-01 9.883095213028479931e-01 -2.289783745355940869e+00 1.003695137017895705e-03 3.907838391525310983e-15 1.870409050117463959e-04 4.306775996601625868e-04 nan nan nan nan
5.011872336272058868e+10 3.701786587347107860e-01 9.937695284387765282e-01 -2.287456520659272297e+00 9.309912962737352995e-04 3.316661568290844350e-15 1.662268436289358377e-04 3.827514521954399692e-04 nan nan nan nan
5.248074602497025299e+10 3.681564096715110868e-01 9.992474048300107325e-01 -2.285144943561553621e+00 8.625850129672672567e-04 2.811668200652834976e-15 1.475584447449465445e-04 3.397658752150995148e-04 nan nan nan nan
5.495408738575506592e+10 3.661387568500744094e-01 1.004742900350785284e+00 -2.282856857487469249e+00 7.982965602724098348e-04 2.380752644530160558e-15 1.308320888713779186e-04 3.012520175205070263e-04 nan nan nan nan
5.754399373370790100e+10 3.641257015372085237e-01 1.010256137065991267e+00 -2.280507586152807242e+00 7.379447676004219532e-04 2.013697562739792424e-15 1.158761999318814887e-04 2.668148105959479866e-04 nan nan nan nan
6.025595860742755127e+10 3.621171312575454104e-01 1.015787552483087719e+00 -2.278144555282288763e+00 6.813491653466723736e-04 1.701234307832277729e-15 1.025095040342773864e-04 2.360368558795401068e-04 nan nan nan nan
6.309573444801065063e+10 3.601131664775785723e-01 1.021336945603400492e+00 -2.275816282555903403e+00 6.283399666588980036e-04 1.435448474390012677e-15 9.057067575391425992e-05 2.085466878533602541e-04 nan nan nan nan
6.606934480075045776e+10 3.581138662734373312e-01 1.026904280936195235e+00 -2.273449518336002395e+00 5.787491715090926653e-04 1.209763131339083092e-15 7.992825745167744681e-05 1.840416141172227546e-04 nan nan nan nan
6.918309709188400269e+10 3.561191023489522767e-01 1.032490046921895832e+00 -2.271035572031834704e+00 5.324084179770935312e-04 1.018346129676551230e-15 7.045233916255713854e-05 1.622225059222647003e-04 nan nan nan nan
7.244359600748883057e+10 3.541289471324823857e-01 1.038094174737605790e+00 -2.268662862484524645e+00 4.891586558173081824e-04 8.560744549208018278e-16 6.201711196461378141e-05 1.427996775202623725e-04 nan nan nan nan
7.585775750290765381e+10 3.521435058553442632e-01 1.043716499376794893e+00 -2.266277233214576192e+00 4.488454594153233460e-04 7.187419585183225591e-16 5.452215319644782758e-05 1.255418971880784245e-04 nan nan nan nan
7.943282347241683960e+10 3.501626736165123766e-01 1.049357450714800688e+00 -2.263819168787736480e+00 4.113145025715349789e-04 6.027020867395214529e-16 4.787432846243767139e-05 1.102347150547095374e-04 nan nan nan nan
8.317637711025517273e+10 3.481864522742242340e-01 1.055017160290607992e+00 -2.261397802005543411e+00 3.764184188655625147e-04 5.046910804002889533e-16 4.197837562755654900e-05 9.665878194811629211e-05 nan nan nan nan
8.709635899559548950e+10 3.462149774064257612e-01 1.060695374881112540e+00 -2.258985841979610498e+00 3.440165828653787860e-04 4.220365371698683503e-16 3.675784575060483147e-05 8.463806767591722322e-05 nan nan nan nan
9.120108393557772827e+10 3.442481953441121068e-01 1.066392383670012434e+00 -2.256495640135947944e+00 3.139696522794413317e-04 3.524644816406178819e-16 3.214514277441588415e-05 7.401692656453527956e-05 nan nan nan nan
9.549925860212962341e+10 3.422860358884070031e-01 1.072108529228741558e+00 -2.254019784387888414e+00 2.861430532774043400e-04 2.939372887834004149e-16 2.807079315433481028e-05 6.463538986569064137e-05 nan nan nan nan
9.999999999998527527e+10 3.403286415000331688e-01 1.077843535574634748e+00 -2.251571783921764602e+00 2.604099518304735629e-04 2.447664544486585350e-16 2.447664544486224787e-05 5.635955892784042578e-05 nan nan nan nan
1.047128548050744324e+11 3.383760207437289669e-01 1.083597514447185883e+00 -2.249058860014873318e+00 2.366461611065683772e-04 2.035398868770854729e-16 2.131324262160152452e-05 4.907555474386500753e-05 nan nan nan nan
1.096478196143021393e+11 3.364280538907773455e-01 1.089370959917015158e+00 -2.246526918163050279e+00 2.147308789205540391e-04 1.690076685724382667e-16 1.853132235706447236e-05 4.266994661284393835e-05 nan nan nan nan
1.148153621496710358e+11 3.344848607610228508e-01 1.095163659747436125e+00 -2.244034496920641608e+00 1.945508838585079884e-04 1.401132973022663154e-16 1.608715897174423304e-05 3.704205243696369527e-05 nan nan nan nan
1.202264434617231140e+11 3.325465081105222764e-01 1.100975554651077992e+00 -2.241503200228065928e+00 1.759968187106853875e-04 1.159852433187873603e-16 1.394449329826038651e-05 3.210838239792973927e-05 nan nan nan nan
1.258925411793975677e+11 3.306128646993349296e-01 1.106807181166180598e+00 -2.238916054641934661e+00 1.589621882289211788e-04 9.586731429266596676e-17 1.206897981234769857e-05 2.778985300355788849e-05 nan nan nan nan
1.318256738556205292e+11 3.286839978125014605e-01 1.112658482756838652e+00 -2.236374975386733244e+00 1.433471028512550141e-04 7.910669483667221286e-17 1.042829335333525108e-05 2.401203282075863984e-05 nan nan nan nan
1.380384264602672119e+11 3.267600198211365048e-01 1.118529261848853151e+00 -2.233823057251691058e+00 1.290564305104622189e-04 6.517077638109082480e-17 8.996071422839725624e-06 2.071421995374048857e-05 nan nan nan nan
1.445439770745703430e+11 3.248408277658947907e-01 1.124419977344678134e+00 -2.231189215829642691e+00 1.159979313545933495e-04 5.360605880013281142e-17 7.748432934264467021e-06 1.784142616850147657e-05 nan nan nan nan
1.513561248435971985e+11 3.229264147540047425e-01 1.130330799813022091e+00 -2.228594575000994560e+00 1.040846847230145363e-04 4.401631563405378974e-17 6.662138964263024501e-06 1.534014186656683268e-05 nan nan nan nan
1.584893192460864563e+11 3.210169221116089822e-01 1.136261440383010912e+00 -2.226013176835683005e+00 9.323499575255080345e-05 3.607918261569467766e-17 5.718165091716686697e-06 1.316656169946577446e-05 nan nan nan nan
1.659586907437298279e+11 3.191123017344077439e-01 1.142212195095339222e+00 -2.223346102503680921e+00 8.337027473819741202e-05 2.952452546974904493e-17 4.899851591789456445e-06 1.128232523313754874e-05 nan nan nan nan
1.737800828749099121e+11 3.172124740209354421e-01 1.148183464581882696e+00 -2.220691536642896757e+00 7.441612307234335964e-05 2.411685102486260229e-17 4.191028369782478953e-06 9.650199448576273848e-06 nan nan nan nan
1.819700858609692383e+11 3.153175841745858854e-01 1.154174944323692831e+00 -2.218069847916365411e+00 6.630331940384074317e-05 1.966289224563720466e-17 3.578058190213588514e-06 8.238783450651063935e-06 nan nan nan nan
1.905460717962940369e+11 3.134276482741567560e-01 1.160186732548865285e+00 -2.215379439344848045e+00 5.896594329578845373e-05 1.600313623509567538e-17 3.049334746018415145e-06 7.021352729730788015e-06 nan nan nan nan
1.995262314968556519e+11 3.115425395245889351e-01 1.166219386596746288e+00 -2.212663680638335073e+00 5.234148384602679447e-05 1.300021346661345122e-17 2.593883601648055984e-06 5.972637714116519981e-06 nan nan nan nan
2.089296130853699036e+11 3.096623764773523413e-01 1.172272683149755634e+00 -2.209992968173659644e+00 4.637212232566787428e-05 1.053979338318445646e-17 2.202074953548470501e-06 5.070464961696263881e-06 nan nan nan nan
2.187761623949194031e+11 3.077872336396918485e-01 1.178346534591865113e+00 -2.207283267871231303e+00 4.100341728707684115e-05 8.528688361525312047e-18 1.865873709996720847e-06 4.296332990047944902e-06 nan nan nan nan
2.290867652767395325e+11 3.059169772881195626e-01 1.184441529894511902e+00 -2.204507719932489174e+00 3.618386311579883279e-05 6.888030613383099238e-18 1.577956652347090234e-06 3.633379465085198133e-06 nan nan nan nan
2.398832919019092407e+11 3.040516687983325639e-01 1.190557628865605677e+00 -2.201783713575595769e+00 3.186591702277192763e-05 5.551254945608315888e-18 1.331653310539277005e-06 3.066245061883910063e-06 nan nan nan nan
2.511886431509161072e+11 3.021914277257574666e-01 1.196694595774293379e+00 -2.199051416742824117e+00 2.800533964093352855e-05 4.464672929212615055e-18 1.121475135201542902e-06 2.582291928478554745e-06 nan nan nan nan
2.630267991894940491e+11 3.003361535323171849e-01 1.202852919856305824e+00 -2.196226634784885334e+00 2.456052080109409955e-05 3.583565525813064009e-18 9.425737699404263924e-07 2.170356311712025238e-06 nan nan nan nan
2.754228703337701416e+11 2.984858299643497470e-01 1.209032818082453220e+00 -2.193443536963807450e+00 2.149304724204680105e-05 2.869967220041222504e-18 7.904546095075843655e-07 1.820089000540593434e-06 nan nan nan nan
2.884031503126116333e+11 2.966406039822575558e-01 1.215233960528451007e+00 -2.190678291599664540e+00 1.876758069720995772e-05 2.293367475381188560e-18 6.614144047244155899e-07 1.522962948609969945e-06 nan nan nan nan
3.019951720401500244e+11 2.948004334068110577e-01 1.221456648495678365e+00 -2.187819277202962098e+00 1.635115239383275179e-05 1.828711562978928300e-18 5.522620630736331192e-07 1.271630393859485240e-06 nan nan nan nan
3.162277660167836304e+11 2.929652290019376104e-01 1.227701349355525773e+00 -2.184970324783307216e+00 1.421333505330323349e-05 1.454834472030257583e-18 4.600590550143352565e-07 1.059325121972936064e-06 nan nan nan nan
3.311311214825338745e+11 2.911351383552039374e-01 1.233967726634479734e+00 -2.182160101101478844e+00 1.232640261736106634e-05 1.154645880882672075e-18 3.823391854518674367e-07 8.803685088889559715e-07 nan nan nan nan
3.467368504524713745e+11 2.893101852724571099e-01 1.240255861009149418e+00 -2.179277288892689235e+00 1.066473865830618376e-05 9.143044559628957016e-19 3.170230474152347722e-07 7.299725431138641289e-07 nan nan nan nan
3.630780547700379028e+11 2.874902360220649711e-01 1.246566380983824995e+00 -2.176361514840864153e+00 9.204758262155377977e-06 7.222593722722270308e-19 2.622365279240288235e-07 6.038219200363856168e-07 nan nan nan nan
3.801893963204943848e+11 2.856754073048090037e-01 1.252899052187502082e+00 -2.173497306034807508e+00 7.925120020911531894e-06 5.691074738207051488e-19 2.163686269133754429e-07 4.982071749223285959e-07 nan nan nan nan
3.981071705534268799e+11 2.838657815031647713e-01 1.259253752872638854e+00 -2.170594329757715713e+00 6.806316556355590232e-06 4.473251451360916494e-19 1.780833478475304818e-07 4.100520620641970089e-07 nan nan nan nan
4.168693834702613525e+11 2.820612227890182400e-01 1.265631129518554276e+00 -2.167613942730822529e+00 5.830480389735204510e-06 3.507303135650190589e-19 1.462087295801809401e-07 3.366580411969222290e-07 nan nan nan nan
4.365158322400879517e+11 2.802617858576078036e-01 1.272031163114474950e+00 -2.164691340342602910e+00 4.981520017522608056e-06 2.742540382576011245e-19 1.197162297552216647e-07 2.756568060238236245e-07 nan nan nan nan
4.570881896147929077e+11 2.784675975407513437e-01 1.278453572736338195e+00 -2.161763588433469607e+00 4.244892075887941203e-06 2.138835296133254240e-19 9.776363533937686668e-08 2.251090893693550821e-07 nan nan nan nan
4.786300923225518799e+11 2.766785601102490499e-01 1.284898879433278074e+00 -2.158731536264479889e+00 3.607376100742031872e-06 1.663681549389455843e-19 7.962880535796014551e-08 1.833521001901634545e-07 nan nan nan nan
5.011872336271812744e+11 2.748946473283543357e-01 1.291367355341523249e+00 -2.155743601142448007e+00 3.057109497014591372e-06 1.290415356370751147e-19 6.467397026894899912e-08 1.489173198460220946e-07 nan nan nan nan
5.248074602496767578e+11 2.731160116840962715e-01 1.297858622839581200e+00 -2.152779104937177834e+00 2.583490766552794117e-06 9.980395218527369471e-20 5.237785866923366615e-08 1.206044765747264052e-07 nan nan nan nan
5.495408738575236816e+11 2.713426172246032331e-01 1.304372986417563052e+00 -2.149711961692197359e+00 2.176971056959397913e-06 7.697733865873599287e-20 4.230219395374831468e-08 9.740440119884372598e-08 nan nan nan nan
5.754399373370507812e+11 2.695743647627977801e-01 1.310910990656366515e+00 -2.146651702098917980e+00 1.829019057856157579e-06 5.919550430391023856e-20 3.406345728727722818e-08 7.843400896552395147e-08 nan nan nan nan
6.025595860742459717e+11 2.678114039110496836e-01 1.317472262945952544e+00 -2.143637052331007098e+00 1.532087768550883554e-06 4.538221419451117995e-20 2.734548820017742805e-08 6.296531349037313375e-08 nan nan nan nan
6.309573444800755615e+11 2.660537663865462088e-01 1.324056861353076986e+00 -2.140545856440096539e+00 1.279450478370801086e-06 3.468888640840247007e-20 2.188720765121660755e-08 5.039715806495658302e-08 nan nan nan nan
6.606934480074721680e+11 2.643013115577420025e-01 1.330665495001527310e+00 -2.137412523682316934e+00 1.065133071295090799e-06 2.643328784528093301e-20 1.746430008867266293e-08 4.021303704375226867e-08 nan nan nan nan
6.918309709188061523e+11 2.625541536552642441e-01 1.337297918588201018e+00 -2.134338533994238674e+00 8.838970370110071589e-07 2.007677405061868364e-20 1.388973408435701728e-08 3.198229464829176970e-08 nan nan nan nan
7.244359600748527832e+11 2.608123830793009357e-01 1.343953968924543663e+00 -2.131226409379351150e+00 7.311262324603051787e-07 1.519998448044564613e-20 1.101141535021450383e-08 2.535472083816972798e-08 nan nan nan nan
7.585775750290393066e+11 2.590758621860945188e-01 1.350634355977242906e+00 -2.128023439517563453e+00 6.027537364631414894e-07 1.147067274389387269e-20 8.701395114014710858e-09 2.003570267778149968e-08 nan nan nan nan
7.943282347241293945e+11 2.573446381914284431e-01 1.357339087794693366e+00 -2.124885408527052100e+00 4.952405714361145399e-07 8.626314918502745269e-21 6.852125501388707423e-09 1.577760203482199058e-08 nan nan nan nan
8.317637711025109863e+11 2.556188453316201592e-01 1.364067829417242361e+00 -2.121746155450338289e+00 4.055057716274737435e-07 6.464891894856219708e-21 5.377262862235667385e-09 1.238160530769434427e-08 nan nan nan nan
8.709635899559122314e+11 2.538983890058793547e-01 1.370821135286201198e+00 -2.118489286543587369e+00 3.308613669905585159e-07 4.828562109905812627e-21 4.205501789568660793e-09 9.683525729220580550e-09 nan nan nan nan
9.120108393557324219e+11 2.521832323301500534e-01 1.377599343267650100e+00 -2.115278886643151335e+00 2.689854688402220081e-07 3.593183346870275146e-21 3.277022160138199575e-09 7.545622375345364633e-09 nan nan nan nan
9.549925860212493896e+11 2.504735332257531089e-01 1.384402019824599872e+00 -2.112098751348666870e+00 2.178815298978056147e-07 2.663969512705214311e-21 2.544071134020120269e-09 5.857940268711186329e-09 nan nan nan nan
9.999999999998037109e+11 2.487692622589555425e-01 1.391229469724557299e+00 -2.108806190309764794e+00 1.758269631073234964e-07 1.967894462680202880e-21 1.967894462679816544e-09 4.531244454352072996e-09 nan nan nan nan
1.047128548050692871e+12 2.470703099173096606e-01 1.398082327325193441e+00 -2.105516436994609553e+00 1.413458695948381534e-07 1.448103669231477437e-21 1.516350692589237872e-09 3.491526500507176238e-09 nan nan nan nan
1.096478196142967529e+12 2.453768275000501042e-01 1.404960178629038214e+00 -2.102280494063393235e+00 1.131842774495101432e-07 1.061380078711080659e-21 1.163780114127206666e-09 2.679702742312215449e-09 nan nan nan nan
1.148153621496654053e+12 2.436888548337331761e-01 1.411863052536968643e+00 -2.098963973822113971e+00 9.027353064112531984e-08 7.749019459459410029e-22 8.897064755426366183e-10 2.048624867724746963e-09 nan nan nan nan
1.202264434617172119e+12 2.420062443594306056e-01 1.418791750020202747e+00 -2.095594235734091093e+00 7.170676585599634520e-08 5.634658818327860944e-22 6.774349898477609289e-10 1.559851709096027158e-09 nan nan nan nan
1.258925411793913818e+12 2.403291071824190939e-01 1.425746015059079053e+00 -2.092293200259711217e+00 5.672224744964092777e-08 4.079840515200745092e-22 5.136214900652591219e-10 1.182657186465655168e-09 nan nan nan nan
1.318256738556140625e+12 2.386575418981562169e-01 1.432725633690768108e+00 -2.088955204067250548e+00 4.467939936412241489e-08 2.941651534872083132e-22 3.877851958329137605e-10 8.929084112086440724e-10 nan nan nan nan
1.380384264602604248e+12 2.369914092541969830e-01 1.439731386376562394e+00 -2.085510666166439542e+00 3.504072953982148786e-08 2.112009908858366994e-22 2.915385244872869903e-10 6.712922605179066756e-10 nan nan nan nan
1.445439770745632324e+12 2.353307481221684483e-01 1.446763315533908356e+00 -2.082139290846940938e+00 2.735974541140983462e-08 1.509499587824535136e-22 2.181890738165722533e-10 5.023989088242167804e-10 nan nan nan nan
1.513561248435897705e+12 2.336757002909675141e-01 1.453821021059234386e+00 -2.078771677470404367e+00 2.126626746374217323e-08 1.073996140599780021e-22 1.625558939381539030e-10 3.742987781603143703e-10 nan nan nan nan
1.584893192460786865e+12 2.320261745507722628e-01 1.460905092340140099e+00 -2.075271323865917061e+00 1.645363382290885180e-08 7.607120938641955168e-23 1.205647418987954657e-10 2.776105774368411143e-10 nan nan nan nan
1.659586907437216797e+12 2.303821226553521839e-01 1.468015945812566114e+00 -2.071819684915202409e+00 1.266998512269105198e-08 5.362318750756409191e-23 8.899233992260429147e-11 2.049124352964475567e-10 nan nan nan nan
1.737800828749013916e+12 2.287437078603182794e-01 1.475153081826379831e+00 -2.068406694852531036e+00 9.709572832178167967e-09 3.761583009045051495e-23 6.536882070526700524e-11 1.505172721025483364e-10 nan nan nan nan
1.819700858609603027e+12 2.271109075250163367e-01 1.482316801411431850e+00 -2.064870472135392987e+00 7.404337158410183117e-09 2.626044760734927925e-23 4.778615905856598018e-11 1.100316974996964194e-10 nan nan nan nan
1.905460717962846924e+12 2.254836013410198570e-01 1.489507844009582138e+00 -2.061331822513865486e+00 5.617951417695631295e-09 1.824039511145262095e-23 3.475635636499451284e-11 8.002946805282509520e-11 nan nan nan nan
1.995262314968458496e+12 2.238619419308859049e-01 1.496725747802606366e+00 -2.057856871990237035e+00 4.240703829910320333e-09 1.260372720347081352e-23 2.514774191722811100e-11 5.790481566107095417e-11 nan nan nan nan
2.089296130853596436e+12 2.222459774243923658e-01 1.503970504079736203e+00 -2.054297275023605707e+00 3.184345001004582036e-09 8.664009548296074088e-24 1.810168162693360395e-11 4.168066227230152392e-11 nan nan nan nan
2.187761623949086426e+12 2.206355532195852509e-01 1.511243019148646338e+00 -2.050671015275564724e+00 2.378271498916653919e-09 5.924099438183252687e-24 1.296051740731566400e-11 2.984269417957488952e-11 nan nan nan nan
2.290867652767282715e+12 2.190307765655661043e-01 1.518543026776510763e+00 -2.047124779292031072e+00 1.766516524283721296e-09 4.028078310190665303e-24 9.227794303629291955e-12 2.124778160475218158e-11 nan nan nan nan
2.398832919018974609e+12 2.174317544607532460e-01 1.525870250284556473e+00 -2.043543500884594799e+00 1.304800447741461321e-09 2.723663727298270246e-24 6.533614209381009754e-12 1.504420268189479354e-11 nan nan nan nan
2.511886431509037598e+12 2.158383461818274840e-01 1.533225548793394122e+00 -2.039837226284784144e+00 9.582395162395121590e-10 1.831315233363160414e-24 4.600055886500729610e-12 1.059202011119609032e-11 nan nan nan nan
2.630267991894811523e+12 2.142505813099568612e-01 1.540609008275924730e+00 -2.036213615724196568e+00 6.996058065004491277e-10 1.223991380342453255e-24 3.219425350069903110e-12 7.413000819078097359e-12 nan nan nan nan
2.754228703337566406e+12 2.126686093432929581e-01 1.548020149504109044e+00 -2.032600132875971966e+00 5.077351496677163274e-10 8.131813708366097542e-25 2.239687472577580450e-12 5.157070987322647429e-12 nan nan nan nan
2.884031503125974609e+12 2.110923426658501412e-01 1.555459598277707522e+00 -2.028836584004904964e+00 3.662340901039311151e-10 5.370259211792660843e-25 1.548799674676249908e-12 3.566243042943561001e-12 nan nan nan nan
3.019951720401352051e+12 2.095217208467214098e-01 1.562927865534997629e+00 -2.025123838919382191e+00 2.625133975738394083e-10 3.524074581135924044e-25 1.064253509412410879e-12 2.450534265939615802e-12 nan nan nan nan
3.162277660167680664e+12 2.079569123456950497e-01 1.570424372923954870e+00 -2.021460078550151529e+00 1.869685033252076316e-10 2.297688588312424984e-25 7.265929292842596111e-13 1.673042047644813111e-12 nan nan nan nan
3.311311214825176270e+12 2.063979015640919068e-01 1.577949412267052098e+00 -2.017661109064510239e+00 1.322953692305504170e-10 1.488504487874264706e-25 4.928901604015657987e-13 1.134921535824089522e-12 nan nan nan nan
3.467368504524543945e+12 2.048445568204828870e-01 1.585503846880080614e+00 -2.013852953573604498e+00 9.298257421831670428e-11 9.578277413229055753e-26 3.321141743022924620e-13 7.647211469204848894e-13 nan nan nan nan
3.630780547700200684e+12 2.032970316558067869e-01 1.593087159262068786e+00 -2.010120567016837612e+00 6.490630117756304506e-11 6.120872442846716545e-26 2.222354460044206701e-13 5.117160251046622704e-13 nan nan nan nan
3.801893963204757324e+12 2.017553827020814594e-01 1.600699292128102025e+00 -2.006299494618986046e+00 4.499224335792696436e-11 3.884519681882484578e-26 1.476853192849908232e-13 3.400580146396859536e-13 nan nan nan nan
3.981071705534073730e+12 2.002194481053570507e-01 1.608341273435728080e+00 -2.002395340471097462e+00 3.096466497597853962e-11 2.447761062065992748e-26 9.744712306098957349e-14 2.243802929153909098e-13 nan nan nan nan
4.168693834702408691e+12 1.986893304291191542e-01 1.616012827750246350e+00 -1.998584967392784018e+00 2.115489763194526217e-11 1.530978888764094903e-26 6.382182254650426832e-14 1.469551772032920206e-13 nan nan nan nan
4.365158322400665527e+12 1.971651453049524105e-01 1.623713600381849975e+00 -1.994742494510288067e+00 1.434529980716157319e-11 9.504540398506223537e-27 4.148882362113278108e-14 9.553154679587959352e-14 nan nan nan nan
4.570881896147705078e+12 1.956467506033632842e-01 1.631444538675423495e+00 -1.990753148532223848e+00 9.653181552039912973e-12 5.856148013982235193e-27 2.676776093827273694e-14 6.163504730929512441e-14 nan nan nan nan
4.786300923225284180e+12 1.941341655550213041e-01 1.639205783920736792e+00 -1.986857534937184866e+00 6.444908791376684083e-12 3.579574964079320570e-27 1.713292295532696411e-14 3.945001299635136302e-14 nan nan nan nan
5.011872336271566406e+12 1.926275475351084954e-01 1.646996760068592636e+00 -1.982980207159408703e+00 4.268609958465687785e-12 2.170501277566851728e-27 1.087827530887939606e-14 2.504815456371089847e-14 nan nan nan nan
5.248074602496509766e+12 1.911268126936603029e-01 1.654818130442188728e+00 -1.978932807604354416e+00 2.804060555492044658e-12 1.305527060008843258e-27 6.851503406504347080e-15 1.577616960841483470e-14 nan nan nan nan
5.495408738574966797e+12 1.896318874883767269e-01 1.662670520346809955e+00 -1.974938088615181275e+00 1.826524075978961900e-12 7.786094406200091777e-28 4.278777123920164798e-15 9.852248421782509502e-15 nan nan nan nan
5.754399373370224609e+12 1.881429454456700068e-01 1.670553256955107146e+00 -1.971005173109699360e+00 1.179600713027935858e-12 4.603544920946198801e-28 2.649063600837448663e-15 6.099694357681438724e-15 nan nan nan nan
6.025595860742164062e+12 1.866599782546736475e-01 1.678466615341523527e+00 -1.966923753354640425e+00 7.551382050763607917e-13 2.698379239024389015e-28 1.625934277337794810e-15 3.743852029186053233e-15 nan nan nan nan
6.309573444800446289e+12 1.851828421711515793e-01 1.686411605926050772e+00 -1.962824348795604745e+00 4.790589140918254405e-13 1.567420079100107641e-28 9.889752107937053235e-16 2.277199577714230249e-15 nan nan nan nan
6.606934480074397461e+12 1.837116911910848249e-01 1.694387645938682185e+00 -1.958815620620618869e+00 3.011262442887590330e-13 9.020288311745551126e-29 5.959645386708376070e-16 1.372259062696544210e-15 nan nan nan nan
6.918309709187721680e+12 1.822465906696187632e-01 1.702394615156582747e+00 -1.954714322687512551e+00 1.875074029276042228e-13 5.142775731399681014e-29 3.557931527471740176e-16 8.192440097049964359e-16 nan nan nan nan
7.244359600748172852e+12 1.807873712187303139e-01 1.710433682917572806e+00 -1.950509761837847078e+00 1.156312755619688195e-13 2.904008527633769181e-29 2.103768205781826182e-16 4.844105309748062869e-16 nan nan nan nan
7.585775750290020508e+12 1.793341297910688859e-01 1.718504566284185797e+00 -1.946415801439575599e+00 7.060424563638787161e-14 1.623469871092628401e-29 1.231527837946092520e-16 2.835697641261859577e-16 nan nan nan nan
7.943282347240904297e+12 1.778869909317251363e-01 1.726606812719267747e+00 -1.942294091980446336e+00 4.267751788649171281e-14 8.984796617148670820e-30 7.136877636254683468e-17 1.643326805576261615e-16 nan nan nan nan
8.317637711024701172e+12 1.764458111253036365e-01 1.734741468868897130e+00 -1.937999394467799785e+00 2.553003797282946477e-14 4.921759549747725368e-30 4.093741283557763572e-17 9.426187654094417575e-17 nan nan nan nan
8.709635899558694336e+12 1.750105980774722125e-01 1.742908746449634227e+00 -1.933811408719338765e+00 1.511046864252130263e-14 2.667203377876751137e-30 2.323037029137956660e-17 5.348990433766233813e-17 nan nan nan nan
9.120108393556876953e+12 1.735815172433722298e-01 1.751107949916048456e+00 -1.929652257474285149e+00 8.846911665407509487e-15 1.429752142041441709e-30 1.303949451133807690e-17 3.002454568198473590e-17 nan nan nan nan
9.549925860212025391e+12 1.721584886962073402e-01 1.759339780531174346e+00 -1.925299715002970480e+00 5.122286681325678840e-15 7.580457421510655125e-31 7.239280636192078197e-18 1.666905967689633325e-17 nan nan nan nan
9.999999999997544922e+12 1.707414247214518732e-01 1.767605003043014600e+00 -1.921001459352869922e+00 2.931970998471738990e-15 3.973056077882412546e-31 3.973056077881436848e-18 9.148299698559188306e-18 nan nan nan nan
1.047128548050641602e+13 1.693305037613319908e-01 1.775902830282253708e+00 -1.916780979864347589e+00 1.658771248463307145e-15 2.058007455571249262e-31 2.154998358829717617e-18 4.962067096467941861e-18 nan nan nan nan
1.096478196142913867e+13 1.679257250467004470e-01 1.784233510156824076e+00 -1.912397221873755493e+00 9.272968809648935108e-16 1.053496930948652171e-31 1.155136414488674086e-18 2.659799888376212240e-18 nan nan nan nan
1.148153621496597656e+13 1.665269319736715214e-01 1.792598229046715952e+00 -1.907983983108475279e+00 5.120334057928242784e-16 5.326862316564585904e-32 6.116056259977385356e-19 1.408273997213684379e-18 nan nan nan nan
1.202264434617113086e+13 1.651342784679426801e-01 1.800996327147845966e+00 -1.903680010527526889e+00 2.792026118567936859e-16 2.659506015234929291e-32 3.197429495767233609e-19 7.362353492853100646e-19 nan nan nan nan
1.258925411793852148e+13 1.637478388659112660e-01 1.809427602319294559e+00 -1.899279923610018184e+00 1.503004467394195512e-16 1.310935507406448437e-32 1.650370023496845635e-19 3.800117414028069852e-19 nan nan nan nan
1.318256738556075781e+13 1.623674358672447249e-01 1.817893389419831252e+00 -1.894751604847421778e+00 7.984458021596796161e-17 6.377485830868681626e-33 8.407163671588533304e-20 1.935820974456084722e-19 nan nan nan nan
1.380384264602536523e+13 1.609931597518048929e-01 1.826393400913864484e+00 -1.890354575415801985e+00 4.184536381658208636e-17 3.060382728742440282e-33 4.224504162417437219e-20 9.727280309673689114e-20 nan nan nan nan
1.445439770745561523e+13 1.596251442991718783e-01 1.834927060641294849e+00 -1.885936004560569756e+00 2.162943682746023679e-17 1.448436692530629934e-33 2.093628000790933199e-20 4.820756624896129430e-20 nan nan nan nan
1.513561248435823438e+13 1.582632445673503030e-01 1.843495527511493481e+00 -1.881313066809752854e+00 1.102189207132290732e-17 6.759411509010257103e-34 1.023078332226903766e-20 2.355724916750878483e-20 nan nan nan nan
1.584893192460708984e+13 1.569074553923866244e-01 1.852099103530824520e+00 -1.876812091197171739e+00 5.535040802218673772e-18 3.108260531232921496e-34 4.926260956345363898e-21 1.134313504227942721e-20 nan nan nan nan
1.659586907437135352e+13 1.555579505145328334e-01 1.860736944668672344e+00 -1.872353678125660670e+00 2.738521293465787266e-18 1.408099023530174927e-34 2.336862703825693102e-21 5.380825226202801176e-21 nan nan nan nan
1.737800828748928516e+13 1.542146540599903526e-01 1.869409789553775791e+00 -1.867674445519577064e+00 1.334318570589161904e-18 6.283114969280108508e-35 1.091880240073977202e-21 2.514147164129099977e-21 nan nan nan nan
1.819700858609513672e+13 1.528774629016263764e-01 1.878118574546102426e+00 -1.863050727608668744e+00 6.399635405612638447e-19 2.759564109975031708e-35 5.021581180309563804e-22 1.156261796904024740e-21 nan nan nan nan
1.905460717962753516e+13 1.515465602239769727e-01 1.886862373037285101e+00 -1.858524740265091957e+00 3.020443806044354967e-19 1.192563274265929759e-35 2.272382472798770822e-22 5.232354007447397906e-22 nan nan nan nan
1.995262314968360547e+13 1.502219530485564281e-01 1.895641391553585020e+00 -1.853819009838136633e+00 1.402259107441427194e-19 5.070206388036626416e-36 1.011639173516132934e-22 2.329385280427064560e-22 nan nan nan nan
2.089296130853493750e+13 1.489034709675190471e-01 1.904457028835059740e+00 -1.849068726550446851e+00 6.400270754214242602e-20 2.119297398761216651e-36 4.427839855359683749e-23 1.019547804511612017e-22 nan nan nan nan
2.187761623948979297e+13 1.475912672156479144e-01 1.913308533771732156e+00 -1.844451039028837336e+00 2.870967635027056688e-20 8.704840452768453811e-37 1.904411588516548101e-23 4.385069734643314477e-23 nan nan nan nan
2.290867652767170312e+13 1.462854254036932700e-01 1.922195597219387597e+00 -1.839734332046564891e+00 1.265158068798857603e-20 3.512743176794012060e-37 8.047229716195991861e-24 1.852943118441159868e-23 nan nan nan nan
2.398832919018857031e+13 1.449857598443629880e-01 1.931119749354191395e+00 -1.834858271354027792e+00 5.473873133008971942e-21 1.391930821681855864e-37 3.339009476047402626e-24 7.688353444912608524e-24 nan nan nan nan
2.511886431508914453e+13 1.436923529289577117e-01 1.940080702838848481e+00 -1.830139079012712111e+00 2.324295989265822441e-21 5.412150115086325873e-38 1.359470643937475242e-24 3.130296839093446775e-24 nan nan nan nan
2.630267991894682031e+13 1.424053480474357647e-01 1.949077724196598194e+00 -1.825407010463543811e+00 9.681947357658244204e-22 2.064402084586951317e-38 5.429930725489715807e-25 1.250287754450296483e-24 nan nan nan nan
2.754228703337430859e+13 1.411245987313934358e-01 1.958112099872290068e+00 -1.820432623895694935e+00 3.954079444672859456e-22 7.721689087944337803e-39 2.126729772426372040e-25 4.896976270815584072e-25 nan nan nan nan
2.884031503125833203e+13 1.398500854202138488e-01 1.967184248535543079e+00 -1.815598145280873155e+00 1.582358531182536463e-22 2.829750459794773109e-39 8.161089472032937267e-26 1.879160296089369014e-25 nan nan nan nan
3.019951720401203906e+13 1.385819903762179339e-01 1.976293140234738122e+00 -1.810824198631635573e+00 6.202469344233722098e-23 1.015675220505104793e-39 3.067290129533263217e-26 7.062696528151067796e-26 nan nan nan nan
3.162277660167525781e+13 1.373202419190440171e-01 1.985439548676720012e+00 -1.805796945060538228e+00 2.379920728776538955e-23 3.569314670372670918e-40 1.128716404422771279e-26 2.598965567041711766e-26 nan nan nan nan
3.311311214825013672e+13 1.360647200804688539e-01 1.994624623497838867e+00 -1.800825791951059074e+00 8.933258968734763093e-24 1.226976855358094573e-40 4.062902221477987135e-27 9.355178089467607306e-27 nan nan nan nan
3.467368504524373438e+13 1.348156126144289257e-01 2.003847266628798973e+00 -1.795977504342724407e+00 3.278799772240660792e-24 4.123762689863411031e-41 1.429860487096510296e-27 3.292375442649629676e-27 nan nan nan nan
3.630780547700022656e+13 1.335729346154286568e-01 2.013107623616605224e+00 -1.790931057337313836e+00 1.176040086073358853e-24 1.354619609859143163e-41 4.918326529009571177e-28 1.132486534817458634e-27 nan nan nan nan
3.801893963204570312e+13 1.323365007867924881e-01 2.022407351832935962e+00 -1.785820200196296836e+00 4.119022077301266214e-25 4.345315257572425848e-42 1.652042784598531866e-28 3.803969088804953215e-28 nan nan nan nan
3.981071705533878125e+13 1.311064629591278952e-01 2.031745591493734793e+00 -1.780871468004005864e+00 1.408013689852945736e-25 1.360193015136398857e-42 5.415025926624331540e-29 1.246855797682145665e-28 nan nan nan nan
4.168693834702203906e+13 1.298829143760678317e-01 2.041121893008883248e+00 -1.775821856368473339e+00 4.694734896456173259e-26 4.153362738096173221e-43 1.731409763958338192e-29 3.986718312354809409e-29 nan nan nan nan
4.365158322400451562e+13 1.286656603974605517e-01 2.050538018961123310e+00 -1.770573780368955852e+00 1.525582484668791409e-26 1.236181763173175222e-43 5.396129111515049719e-30 1.242504645204575863e-29 nan nan nan nan
4.570881896147480469e+13 1.274547741400545720e-01 2.059993689936083783e+00 -1.765514411586855958e+00 4.828405224041797262e-27 3.582893531033539098e-44 1.637698317682512455e-30 3.770939733117180500e-30 nan nan nan nan
4.786300923225049219e+13 1.262504090678984170e-01 2.069487970690147449e+00 -1.760454086378403948e+00 1.487532882816135059e-27 1.010818915529253678e-44 4.838083508611009820e-31 1.114009896558804143e-30 nan nan nan nan
5.011872336271320312e+13 1.250524170581487626e-01 2.079022293111609798e+00 -1.755105281829453689e+00 4.456972183674215146e-28 2.774065526948145367e-45 1.390326227351533151e-31 3.201344445498290920e-31 nan nan nan nan
5.248074602496252344e+13 1.238607624453659101e-01 2.088597227788230537e+00 -1.749917476801030825e+00 1.297696742784240482e-28 7.397007611849254320e-46 3.882004778221753090e-32 8.938646333265065404e-32 nan nan nan nan
5.495408738574697656e+13 1.226756362952620555e-01 2.098211510182351969e+00 -1.744813909064133473e+00 3.669525857400234606e-29 1.915412149695705306e-46 1.052597266540992518e-32 2.423694774863569671e-32 nan nan nan nan
5.754399373369942188e+13 1.214969712912489508e-01 2.107865944156274374e+00 -1.739418223503886196e+00 1.006858245148974375e-29 4.813749902492750888e-47 2.770023942246390720e-33 6.378215836653139354e-33 nan nan nan nan
6.025595860741867969e+13 1.203246289925017920e-01 2.117561947176052950e+00 -1.734078127990480667e+00 2.678036229524806169e-30 1.172647599832819974e-47 7.065900523661526283e-34 1.626983721436185322e-33 nan nan nan nan
6.309573444800135938e+13 1.191588015597496164e-01 2.127298208591545503e+00 -1.728892908765709890e+00 6.900368384141036857e-31 2.766932634928680127e-48 1.745816467689687010e-34 4.019890973605794597e-34 nan nan nan nan
6.606934480074072656e+13 1.179995124994052957e-01 2.137074785885978212e+00 -1.723488830149149775e+00 1.720934400015700143e-31 6.320233197163210080e-49 4.175736663244640615e-35 9.614988993055807271e-35 nan nan nan nan
6.918309709187382031e+13 1.168465603946056697e-01 2.146893654505781512e+00 -1.717993955042694143e+00 4.149427698086571124e-32 1.395797583420660694e-49 9.656559973439441869e-36 2.223505104444463903e-35 nan nan nan nan
7.244359600747817188e+13 1.157000948654748479e-01 2.156753824856525448e+00 -1.712699033485270750e+00 9.665195288106201878e-33 2.977384316126198108e-50 2.156924265564479593e-36 4.966501660605901161e-36 nan nan nan nan
7.585775750289648438e+13 1.145602192494866306e-01 2.166654661931840753e+00 -1.707302934721218524e+00 2.173042711050006731e-33 6.130687689601699110e-51 4.650602200837983887e-37 1.070840730109484330e-36 nan nan nan nan
7.943282347240514062e+13 1.134267293038998259e-01 2.176598207316021494e+00 -1.701658795623635534e+00 4.709866924953122745e-34 1.217143107743863765e-51 9.668111361807292497e-38 2.226164909910383561e-37 nan nan nan nan
8.317637711024293750e+13 1.122996872918906597e-01 2.186584201819615991e+00 -1.696243230882609865e+00 9.831375134720938669e-35 2.326778335974331495e-52 1.935329923249445400e-38 4.456261831299484063e-38 nan nan nan nan
8.709635899558267188e+13 1.111792573273335388e-01 2.196611449391576709e+00 -1.690843081491516520e+00 1.974794503412690189e-35 4.280138105358023514e-53 3.727844449749354589e-39 8.583679058993455824e-39 nan nan nan nan
9.120108393556429688e+13 1.100652894599461751e-01 2.206681548720276442e+00 -1.685097777345753611e+00 3.812076031416669862e-36 7.568314677532970651e-54 6.902385021564476601e-40 1.589332885675974863e-39 nan nan nan nan
9.549925860211556250e+13 1.089577299738413718e-01 2.216795270371365589e+00 -1.679538182902023058e+00 7.063188604717393698e-37 1.284312821389436759e-54 1.226509222558824677e-40 2.824141852283666457e-40 nan nan nan nan
9.999999999997054688e+13 1.078567790559483708e-01 2.226951051785321489e+00 -1.674094231055406778e+00 1.255054063170853228e-37 2.089869951936803184e-55 2.089869951936187743e-41 4.812103397624448695e-41 nan nan nan nan
1.047128548050590156e+14 1.067623739586593956e-01 2.237149718287462008e+00 -1.668311419573540455e+00 2.135905369957891909e-38 3.257833244125549541e-56 3.411370194712130274e-42 7.854970157028346800e-42 nan nan nan nan
1.096478196142860000e+14 1.056743558750800199e-01 2.247393027886587014e+00 -1.662581810994684162e+00 3.476179854786334709e-39 4.856390839635264251e-57 5.324926667607983781e-43 1.226109676612060355e-42 nan nan nan nan
1.148153621496541250e+14 1.045929211981053014e-01 2.257679404611681040e+00 -1.657048200700832474e+00 5.405095289910416777e-40 6.915250993503239617e-58 7.939770471748299375e-44 1.828199713004193939e-43 nan nan nan nan
1.202264434617054062e+14 1.035181022605355106e-01 2.268008780502146049e+00 -1.651272362140935090e+00 8.019312497774851457e-41 9.397353457134820077e-59 1.129810384103881293e-44 2.601484548347474186e-44 nan nan nan nan
1.258925411793790312e+14 1.024496801208248098e-01 2.278383526597614672e+00 -1.645370286367897839e+00 1.133279684017093304e-41 1.216471303575212341e-59 1.531446636788753017e-45 3.526286196585649550e-45 nan nan nan nan
1.318256738556011094e+14 1.013878012620344354e-01 2.288802498197811897e+00 -1.639717178658316454e+00 1.523701576675470580e-42 1.497867155695905489e-60 1.974573471457853417e-46 4.546623440400357615e-46 nan nan nan nan
1.380384264602468906e+14 1.003325797234217026e-01 2.299264813991821477e+00 -1.633964922590594782e+00 1.946655652286397220e-43 1.752649825832073998e-61 2.419330240936852604e-47 5.570713747810890010e-47 nan nan nan nan
1.445439770745490625e+14 9.928380094302489967e-02 2.309772853735795106e+00 -1.627901078332793627e+00 2.358676775288440213e-44 1.945351218350515726e-62 2.811888019072030184e-48 6.474611435883814259e-48 nan nan nan nan
1.513561248435749062e+14 9.824151455459496918e-02 2.320326397819051589e+00 -1.622116027328067256e+00 2.706439242323041955e-45 2.044349281457471483e-63 3.094247850681497015e-49 7.124768975008080854e-49 nan nan nan nan
1.584893192460631250e+14 9.720589605279408851e-02 2.330923910376061947e+00 -1.616369095321756433e+00 2.937252856313521054e-46 2.031916028047066014e-64 3.220369880503440216e-50 7.415175680774238479e-50 nan nan nan nan
1.659586907437054062e+14 9.617679349702226710e-02 2.341567182251242052e+00 -1.610206537998099208e+00 3.009113820842336603e-47 1.906922518113751263e-65 3.164703644558480450e-51 7.286999435704284582e-51 nan nan nan nan
1.737800828748843125e+14 9.515413295940512717e-02 2.352257249931017924e+00 -1.604258680866465614e+00 2.904474071131726668e-48 1.685840980371419091e-66 2.929655852828214248e-52 6.745781894325003963e-52 nan nan nan nan
1.819700858609424375e+14 9.413812417813557931e-02 2.362992169082577920e+00 -1.598468334118380962e+00 2.637948842152682667e-49 1.402211262592714103e-67 2.551605038491766770e-53 5.875287724839641199e-53 nan nan nan nan
1.905460717962660000e+14 9.312870931039587963e-02 2.373772771554637728e+00 -1.592282410498725653e+00 2.250029031379053569e-50 1.095589411709952897e-68 2.087602587029135219e-54 4.806882596989092054e-54 nan nan nan nan
1.995262314968262500e+14 9.212570707962045025e-02 2.384601253282330191e+00 -1.586144212245995888e+00 1.798103079883851542e-51 8.019806067160913352e-70 1.600161681916000049e-55 3.684508435160062032e-55 nan nan nan nan
2.089296130853391250e+14 9.112931798870987921e-02 2.395475704440328091e+00 -1.580255437608562907e+00 1.344350514484821266e-52 5.491195415279202980e-71 1.147273333490272034e-56 2.641694475284287094e-56 nan nan nan nan
2.187761623948871875e+14 9.013958376353875535e-02 2.406395879396828974e+00 -1.574098039109306679e+00 9.385589226503732340e-54 3.511521861563407823e-72 7.682372770385927088e-58 1.768931701991400702e-57 nan nan nan nan
2.290867652767057812e+14 8.915626637858505010e-02 2.417364646861853483e+00 -1.567766321607972468e+00 6.102052174258277721e-55 2.091384889787829439e-73 4.791085993500736853e-59 1.103188318788736538e-58 nan nan nan nan
2.398832919018739375e+14 8.817950811878383366e-02 2.428380677217326866e+00 -1.561747552101363068e+00 3.687938329725810494e-56 1.157611785053339561e-74 2.776917257429996219e-60 6.394088281436218945e-60 nan nan nan nan
2.511886431508790938e+14 8.720943451014817605e-02 2.439442759996025778e+00 -1.555635171569669239e+00 2.068152777374379635e-57 5.945709543533442428e-76 1.493494712809398031e-61 3.438898662180343366e-61 nan nan nan nan
2.630267991894553125e+14 8.624581988020803280e-02 2.450553689402149793e+00 -1.549128738914335557e+00 1.072962347014750832e-58 2.825904802538935348e-77 7.432886950259258842e-63 1.711485468957694554e-62 nan nan nan nan
2.754228703337295938e+14 8.528869920484394296e-02 2.461713316205529356e+00 -1.542964625401323620e+00 5.137980049803225870e-60 1.239386259498667338e-78 3.413553210433075834e-64 7.859996736485168395e-64 nan nan nan nan
2.884031503125691250e+14 8.433826027361049360e-02 2.472919658412512600e+00 -1.536870369205333819e+00 2.266742581376671031e-61 5.007594757782340331e-80 1.444206103633133383e-65 3.325407445436667001e-65 nan nan nan nan
3.019951720401055625e+14 8.339434903276224387e-02 2.484174729314004626e+00 -1.530271667160825633e+00 9.185391580848323900e-63 1.858997943245663264e-81 5.614084036926764948e-67 1.292690621424340429e-66 nan nan nan nan
3.162277660167370625e+14 8.245686890171011196e-02 2.495479923541086720e+00 -1.523921678387774925e+00 3.408663658521305477e-64 6.318845255938530811e-83 1.998194319090898920e-68 4.601012452044091996e-68 nan nan nan nan
3.311311214824851250e+14 8.152603970494526342e-02 2.506832804184208729e+00 -1.517785218883024978e+00 1.156153300656734866e-65 1.962775962805958370e-84 6.499362057828015110e-70 1.496533418832589410e-69 nan nan nan nan
3.467368504524203125e+14 8.060180896510164839e-02 2.518234185985658957e+00 -1.511183743765079912e+00 3.573555686440994328e-67 5.557581289280890137e-86 1.927018232378557251e-71 4.437123455802602552e-71 nan nan nan nan
3.630780547699844375e+14 7.968397055111345328e-02 2.529686835733554684e+00 -1.504619327380846583e+00 1.002840935510174653e-68 1.428657034906498628e-87 5.187140171673052487e-73 1.194383163456494639e-72 nan nan nan nan
3.801893963204384375e+14 7.877272898393096467e-02 2.541188420901545619e+00 -1.498374446993838482e+00 2.549421518702980523e-70 3.326193149151388923e-89 1.264583365421044512e-74 2.911810806066739294e-74 nan nan nan nan
3.981071705533683125e+14 7.786813614412169127e-02 2.552738445160351866e+00 -1.491831202919713828e+00 5.854429709476564468e-72 6.996465788750584679e-91 2.785343199032935344e-76 6.413489728965584269e-76 nan nan nan nan
4.168693834701999375e+14 7.696993322056676357e-02 2.564340411039681467e+00 -1.485047646700788482e+00 1.209181466676040298e-73 1.323837330980509803e-92 5.518672519806800967e-78 1.270721307722302760e-77 nan nan nan nan
4.365158322400236875e+14 7.607825712279242536e-02 2.575992769488051781e+00 -1.478661137739175624e+00 2.240056026368007762e-75 2.246099584622871981e-94 9.804580294756244507e-80 2.257588042976889815e-79 nan nan nan nan
4.570881896147256250e+14 7.519324591888287834e-02 2.587693866968415524e+00 -1.472191986543692543e+00 3.711699503067876400e-77 3.408676290647450894e-96 1.558065674674681540e-81 3.587578796411632487e-81 nan nan nan nan
4.786300923224814375e+14 7.431466202264055965e-02 2.599447011293920973e+00 -1.465220419086979753e+00 5.475349198183313373e-79 4.606828047267402214e-98 2.204966533577393440e-83 5.077123070766061520e-83 nan nan nan nan
5.011872336271074375e+14 7.344252347262110459e-02 2.611252172249592274e+00 -1.458672034742466650e+00 7.164616915401216396e-81 5.521183732625198732e-100 2.767146801301410751e-85 6.371590974802785476e-85 nan nan nan nan
5.248074602495995000e+14 7.257703151557315380e-02 2.623106777515940458e+00 -1.452237873817980418e+00 8.292771373428935680e-83 5.852589651529531665e-102 3.071482710902302206e-87 7.072350303512581407e-87 nan nan nan nan
5.495408738574427500e+14 7.171802996966696042e-02 2.635013098976246138e+00 -1.445185911258553002e+00 8.450455261923792722e-85 5.463899991576831651e-104 3.002636376040806139e-89 6.913825759153224376e-89 nan nan nan nan
5.754399373369660000e+14 7.086539686773465907e-02 2.646973020044022462e+00 -1.438422418843265493e+00 7.544940172765083723e-87 4.468518222409540330e-106 2.571363845892436765e-91 5.920784060215763582e-91 nan nan nan nan
6.025595860741572500e+14 7.001936282412346557e-02 2.658983463409568593e+00 -1.431947808421688784e+00 5.884877732230572901e-89 3.191847440708492374e-108 1.923278272685167505e-93 4.428511880364204679e-93 nan nan nan nan
6.309573444799826250e+14 6.917988139434386174e-02 2.671045189924658114e+00 -1.424922392729947918e+00 3.991415426949024251e-91 1.983229876518694455e-110 1.251333456381599225e-95 2.881301763028985576e-95 nan nan nan nan
6.606934480073748750e+14 6.834671893932621478e-02 2.683161720778206583e+00 -1.417914791783942530e+00 2.340097718588043735e-93 1.065143277676536217e-112 7.037331847499874559e-98 1.620405540650545887e-97 nan nan nan nan
6.918309709187042500e+14 6.752008396781451760e-02 2.695330185096060038e+00 -1.411319758604784758e+00 1.181837885813443624e-95 4.926500935685295870e-115 3.408305925567063077e-100 7.847914416573994107e-100 nan nan nan nan
7.244359600747461250e+14 6.670003953790042128e-02 2.707549733288614480e+00 -1.404392969449564710e+00 5.118992292358035463e-98 1.954585102617254223e-117 1.415971735362326786e-102 3.260395409946203727e-102 nan nan nan nan
7.585775750289276250e+14 6.588630420329857906e-02 2.719824686033258665e+00 -1.397134019559440832e+00 1.888452730412509188e-100 6.606135805953500265e-120 5.011266479991976941e-105 1.153886749385027149e-104 nan nan nan nan
7.943282347240125000e+14 6.507900816273094746e-02 2.732153237025078063e+00 -1.390383450988078362e+00 5.907643713206802265e-103 1.892696118073898162e-122 1.503421966338630646e-107 3.461757008171127463e-107 nan nan nan nan
8.317637711023885000e+14 6.427830339569745588e-02 2.744533132429766820e+00 -1.383569510319939688e+00 1.560454550263045301e-105 4.578806863051652416e-125 3.808485663561340079e-110 8.769362315797878948e-110 nan nan nan nan
8.709635899557840000e+14 6.348393962836791637e-02 2.756968324311256158e+00 -1.376108613659189128e+00 3.454480183895481259e-108 9.287179754072610411e-128 8.088795419171755594e-113 1.862513975246341043e-112 nan nan nan nan
9.120108393555981250e+14 6.269591539805297042e-02 2.769458978631919699e+00 -1.369174804506646304e+00 6.371538101357971171e-111 1.568902172833608861e-130 1.430855787512801231e-115 3.294667206551232368e-115 nan nan nan nan
9.549925860211087500e+14 6.191444689638375687e-02 2.782001735628274908e+00 -1.362417137242798670e+00 9.749408629273938523e-114 2.198496232698098787e-133 2.099547602622022408e-118 4.834387011828855458e-118 nan nan nan nan
9.999999999996563750e+14 6.113937596965997312e-02 2.794599169152171214e+00 -1.354895042482034295e+00 1.228366605169896337e-116 2.537849007573844973e-136 2.537849007572972830e-121 5.843613293107260917e-121 nan nan nan nan
1.047128548050538750e+15 6.037055221599840760e-02 2.807253839023350128e+00 -1.347707509698477857e+00 1.264399710438339184e-119 2.392850050902050887e-139 2.505621599503722256e-124 5.769406943701168046e-124 nan nan nan nan
1.096478196142806125e+15 5.960821799345304012e-02 2.819961828620013655e+00 -1.340910946807360782e+00 1.058432185373913531e-122 1.834327609649551054e-142 2.011300228563485330e-127 4.631189923825798603e-127 nan nan nan nan
1.148153621496485000e+15 5.885233388192760012e-02 2.832723787915611524e+00 -1.333456716428747857e+00 7.153571085208480512e-126 1.135752397535291517e-145 1.304018228353460473e-130 3.002612933599183585e-130 nan nan nan nan
1.202264434616995000e+15 5.810263585304265010e-02 2.845544248631097783e+00 -1.325986901698412490e+00 3.865422768742235320e-129 5.622118818227369062e-149 6.759273502345695710e-134 1.556380240597085461e-133 nan nan nan nan
1.258925411793728500e+15 5.735933650362419478e-02 2.858419649988771294e+00 -1.319054692543582652e+00 1.660840623082187010e-132 2.212206731392669714e-152 2.785003270291374831e-137 6.412707014112587693e-137 nan nan nan nan
1.318256738555946500e+15 5.662251152181334291e-02 2.871348642779263383e+00 -1.311753707640495037e+00 5.635527111961777770e-136 6.875661944356730071e-156 9.063887690180940921e-141 2.087037267998286996e-140 nan nan nan nan
1.380384264602401000e+15 5.589185498276863506e-02 2.884336616364584938e+00 -1.303991310904923928e+00 1.493042812841103810e-139 1.668954518532221602e-159 2.303798555718954911e-144 5.304692211659678451e-144 nan nan nan nan
1.445439770745419500e+15 5.516748902700668866e-02 2.897381466110276804e+00 -1.296886261659436546e+00 3.066611212184472023e-143 3.139399168791947600e-163 4.537812414816993148e-148 1.044869922116092216e-147 nan nan nan nan
1.513561248435674750e+15 5.444958149501193112e-02 2.910480115674726864e+00 -1.289749981060857476e+00 4.850921332248864175e-147 4.548079034923095243e-167 6.883796182082318681e-152 1.585052647207207388e-151 nan nan nan nan
1.584893192460553500e+15 5.373786892666298359e-02 2.923637331834841202e+00 -1.281771881971630389e+00 5.838332030944321371e-151 5.015494740673915352e-171 7.949023471315797343e-156 1.830330294891153921e-155 nan nan nan nan
1.659586907436972500e+15 5.303232764881084943e-02 2.936853595739405520e+00 -1.274455514901971842e+00 5.294266619365060030e-155 4.165586297841248585e-175 6.913152481696185738e-160 1.591812184994843195e-159 nan nan nan nan
1.737800828748758000e+15 5.233319088497025151e-02 2.950124484248886958e+00 -1.267402923984461527e+00 3.593522399001491470e-159 2.589179148576741859e-179 4.499477670175665348e-164 1.036043020960606695e-163 nan nan nan nan
1.819700858609335000e+15 5.164029910729662359e-02 2.963452920857483353e+00 -1.259393771742753243e+00 1.803715922540875165e-163 1.190728750081820090e-183 2.166770128894708116e-168 4.989172598737741908e-168 nan nan nan nan
1.905460717962566250e+15 5.095347024457829582e-02 2.976842410846217479e+00 -1.251772642115243972e+00 6.607334813933589435e-168 3.995474783760506610e-188 7.613220250065624140e-173 1.753008745748150979e-172 nan nan nan nan
1.995262314968164750e+15 5.027295979961435984e-02 2.990287924960084887e+00 -1.244682004234367811e+00 1.753948786152918213e-172 9.712183537883170264e-193 1.937835380919247390e-177 4.462030860781097972e-177 nan nan nan nan
2.089296130853288750e+15 4.959873688920142520e-02 3.003789911519037403e+00 -1.236799787719769839e+00 3.335242522753875012e-177 1.691894256644324259e-197 3.534868124219887976e-182 8.139334648528539759e-182 nan nan nan nan
2.187761623948764500e+15 4.893050408079362840e-02 3.017354271653777786e+00 -1.228846176233981069e+00 4.468485399791428827e-182 2.076637976172641343e-202 4.543188871105133377e-187 1.046107896926312761e-186 nan nan nan nan
2.290867652766945500e+15 4.826847837022853194e-02 3.030976553108272409e+00 -1.221600242315381557e+00 4.181816252513413044e-187 1.779666002950685730e-207 4.076979278888769446e-192 9.387591712014895226e-192 nan nan nan nan
2.398832919018621500e+15 4.761275006898056661e-02 3.044654695020442059e+00 -1.213945455596565193e+00 2.704249487541212357e-192 1.054109291039982544e-212 2.528632067590091037e-197 5.822390504499656044e-197 nan nan nan nan
2.511886431508668000e+15 4.696298690943780801e-02 3.058395500088146424e+00 -1.205645484389503697e+00 1.185460086782684944e-197 4.233887906583288798e-218 1.063504558507520218e-202 2.448809742750629965e-202 nan nan nan nan
2.630267991894424000e+15 4.631930145407850419e-02 3.072196526701613362e+00 -1.198204096544008390e+00 3.481844586880820772e-203 1.138830644704870841e-223 2.995429792955712753e-208 6.897231988370065295e-208 nan nan nan nan
2.754228703337160500e+15 4.568187984546153574e-02 3.086053561997288419e+00 -1.190782441474923514e+00 6.781934867205604846e-209 2.031367856082330365e-229 5.594851656258424766e-214 1.288262202121369621e-213 nan nan nan nan
2.884031503125550000e+15 4.505044505156190898e-02 3.099972415918609503e+00 -1.182253034403443870e+00 8.584427359915032533e-215 2.356073995405404616e-235 6.794991626444069224e-220 1.564604642606948173e-219 nan nan nan nan
3.019951720400907500e+15 4.442494803944702780e-02 3.113954074566258612e+00 -1.174560409137959782e+00 6.945149237359771889e-221 1.745794879036430441e-241 5.272216248413162253e-226 1.213972654063714086e-225 nan nan nan nan
3.162277660167215000e+15 4.380564156117229546e-02 3.127992667127609927e+00 -1.167256320999012331e+00 3.555211115998687757e-227 8.182976293181895366e-248 2.587684312560703344e-232 5.958363323476821034e-232 nan nan nan nan
3.311311214824688500e+15 4.319236560299264532e-02 3.142091521502220264e+00 -1.158740333867180450e+00 1.128733855607247127e-233 2.380404479689316791e-254 7.882260049414162795e-239 1.814957448888356165e-238 nan nan nan nan
3.467368504524033000e+15 4.258490272075951544e-02 3.156255484746298468e+00 -1.150673434407827100e+00 2.172726439734461097e-240 4.197230548784909052e-261 1.455334501108291707e-245 3.351031527571879082e-245 nan nan nan nan
3.630780547699666000e+15 4.198352328388282179e-02 3.170478040434324463e+00 -1.143328358616891638e+00 2.507895573265516395e-247 4.435971226262362903e-268 1.610603803846882008e-252 3.708552309457336709e-252 nan nan nan nan
3.801893963204197500e+15 4.138820690294087862e-02 3.184759296147335661e+00 -1.135022394497320120e+00 1.703686472425806269e-254 2.760625299634559851e-275 1.049560466134941159e-259 2.416702283518197639e-259 nan nan nan nan
3.981071705533487500e+15 4.079861943957460019e-02 3.199107035409842759e+00 -1.126553483750759810e+00 6.618922924929612905e-262 9.825910197228590728e-283 3.911765306729971029e-267 9.007172482567713281e-267 nan nan nan nan
4.168693834701795000e+15 4.021498271104906319e-02 3.213515648539188252e+00 -1.119025649833158997e+00 1.450310067103632701e-269 1.971459693812438198e-290 8.218411870959000113e-275 1.892359266215549966e-274 nan nan nan nan
4.365158322400023000e+15 3.963740421931335328e-02 3.227982055536526396e+00 -1.111047593762125363e+00 1.761787927926765854e-277 2.193404918185010791e-298 9.574559733008442182e-283 2.204623851320628999e-282 nan nan nan nan
4.570881896147032000e+15 3.906552350778647736e-02 3.242514952681547769e+00 -1.102160123854945217e+00 1.147932626465042352e-285 1.309544119012854442e-306 5.985771505801670337e-291 1.378274823932744952e-290 nan nan nan nan
4.786300923224579000e+15 3.849944189084619078e-02 3.257111534135128661e+00 -1.094405597468790514e+00 3.933777860918623847e-294 4.109457258547018984e-315 1.966909907053554459e-299 4.528977431243819108e-299 nan nan nan nan
5.011872336270829000e+15 3.793936696503213274e-02 3.271765999774400857e+00 -1.086750008217085117e+00 6.977354309723872891e-303 4.940656458412465442e-324 2.476193942693524307e-308 5.701647259808261398e-308 nan nan nan nan
5.248074602495737000e+15 3.738500808300727202e-02 3.286485508320377225e+00 -1.077620077905414808e+00 6.187657135340619255e-312 0.000000000000000000e+00 0.000000000000000000e+00 0.000000000000000000e+00 nan nan nan nan
5.495408738574158000e+15 3.683628740060822943e-02 3.301271848986870872e+00 -1.069555746639825777e+00 2.663013831084318873e-321 0.000000000000000000e+00 0.000000000000000000e+00 0.000000000000000000e+00 nan nan nan nan
5.754399373369378000e+15 3.629348041199747382e-02 3.316117156817154132e+00 -1.062059422636671524e+00 0.000000000000000000e+00 0.000000000000000000e+00 0.000000000000000000e+00 0.000000000000000000e+00 nan nan nan nan
6.025595860741277000e+15 3.575642811503229601e-02 3.331025218592045256e+00 -1.053008319035181994e+00 0.000000000000000000e+00 0.000000000000000000e+00 0.000000000000000000e+00 0.000000000000000000e+00 nan nan nan nan
6.309573444799517000e+15 3.522487365981987611e-02 3.346002807866142348e+00 -1.044473886674801122e+00 0.000000000000000000e+00 0.000000000000000000e+00 0.000000000000000000e+00 0.000000000000000000e+00 nan nan nan nan
6.606934480073424000e+15 3.469910457170810592e-02 3.361041397212184645e+00 -1.036926855286682603e+00 0.000000000000000000e+00 0.000000000000000000e+00 0.000000000000000000e+00 0.000000000000000000e+00 nan nan nan nan
6.918309709186703000e+15 3.417911362959169530e-02 3.376140534059507203e+00 -1.028203267253257724e+00 0.000000000000000000e+00 0.000000000000000000e+00 0.000000000000000000e+00 0.000000000000000000e+00 nan nan nan nan
7.244359600747106000e+15 3.366452654556369162e-02 3.391310620783069218e+00 -1.019168687405726637e+00 0.000000000000000000e+00 0.000000000000000000e+00 0.000000000000000000e+00 0.000000000000000000e+00 nan nan nan nan
7.585775750288904000e+15 3.315557064439756535e-02 3.406544532896434330e+00 -1.011399917545802829e+00 0.000000000000000000e+00 0.000000000000000000e+00 0.000000000000000000e+00 0.000000000000000000e+00 nan nan nan nan
7.943282347239735000e+15 3.265237397939403652e-02 3.421837715967437354e+00 -1.003141979190041777e+00 0.000000000000000000e+00 0.000000000000000000e+00 0.000000000000000000e+00 0.000000000000000000e+00 nan nan nan nan
8.317637711023477000e+15 3.215454617399817611e-02 3.437201433194235545e+00 -9.935907838987476648e-01 0.000000000000000000e+00 0.000000000000000000e+00 0.000000000000000000e+00 0.000000000000000000e+00 nan nan nan nan
8.709635899557412000e+15 3.166217538637272622e-02 3.452632516012537067e+00 -9.855507329650753379e-01 0.000000000000000000e+00 0.000000000000000000e+00 0.000000000000000000e+00 0.000000000000000000e+00 nan nan nan nan
9.120108393555534000e+15 3.117549455135500830e-02 3.468122923825585069e+00 -9.777303520935081149e-01 0.000000000000000000e+00 0.000000000000000000e+00 0.000000000000000000e+00 0.000000000000000000e+00 nan nan nan nan
9.549925860210618000e+15 3.069419959379688506e-02 3.483681580552882018e+00 -9.679248513834094458e-01 0.000000000000000000e+00 0.000000000000000000e+00 0.000000000000000000e+00 0.000000000000000000e+00 nan nan nan nan
9.999999999996074000e+15 3.021817973263426355e-02 3.499311557815531604e+00 -9.594834313195229614e-01 0.000000000000000000e+00 0.000000000000000000e+00 0.000000000000000000e+00 0.000000000000000000e+00 nan nan nan nan
1.047128548050487400e+16 2.974773679999831444e-02 3.515002223833904704e+00 -9.518697315230835176e-01 0.000000000000000000e+00 0.000000000000000000e+00 0.000000000000000000e+00 0.000000000000000000e+00 nan nan nan nan
1.096478196142752400e+16 2.928271451332266004e-02 3.530757885397878049e+00 -9.422327058652958387e-01 0.000000000000000000e+00 0.000000000000000000e+00 0.000000000000000000e+00 0.000000000000000000e+00 nan nan nan nan
1.148153621496428600e+16 2.882281155066925699e-02 3.546588137628769122e+00 -9.331794839070852721e-01 0.000000000000000000e+00 0.000000000000000000e+00 0.000000000000000000e+00 0.000000000000000000e+00 nan nan nan nan
1.202264434616936200e+16 2.836833472409846027e-02 3.562481730365044008e+00 -9.254831830370054968e-01 0.000000000000000000e+00 0.000000000000000000e+00 0.000000000000000000e+00 0.000000000000000000e+00 nan nan nan nan
1.258925411793666800e+16 2.791929253558447094e-02 3.578437340392366828e+00 -9.163282304750572926e-01 0.000000000000000000e+00 0.000000000000000000e+00 0.000000000000000000e+00 0.000000000000000000e+00 nan nan nan nan
1.318256738555881800e+16 2.747526579629121224e-02 3.594469104624915978e+00 -9.066169612486566498e-01 0.000000000000000000e+00 0.000000000000000000e+00 0.000000000000000000e+00 0.000000000000000000e+00 nan nan nan nan
1.380384264602333400e+16 2.703648690662471127e-02 3.610567958340261008e+00 -8.986231244138797036e-01 0.000000000000000000e+00 0.000000000000000000e+00 0.000000000000000000e+00 0.000000000000000000e+00 nan nan nan nan
1.445439770745348600e+16 2.660310720908014639e-02 3.626727257645083302e+00 -8.901005328820760232e-01 0.000000000000000000e+00 0.000000000000000000e+00 0.000000000000000000e+00 0.000000000000000000e+00 nan nan nan nan
1.513561248435600400e+16 2.617470311981773268e-02 3.642961864417165962e+00 -8.797105072394052483e-01 0.000000000000000000e+00 0.000000000000000000e+00 0.000000000000000000e+00 0.000000000000000000e+00 nan nan nan nan
1.584893192460475600e+16 2.575134551114129089e-02 3.659268400377669206e+00 -8.713459020038502034e-01 0.000000000000000000e+00 0.000000000000000000e+00 0.000000000000000000e+00 0.000000000000000000e+00 nan nan nan nan
1.659586907436891000e+16 2.533329532956417676e-02 3.675635727513823614e+00 -8.633709104432710779e-01 0.000000000000000000e+00 0.000000000000000000e+00 0.000000000000000000e+00 0.000000000000000000e+00 nan nan nan nan
1.737800828748672600e+16 2.492023336246737900e-02 3.692075220641747979e+00 -8.526746881101838760e-01 0.000000000000000000e+00 0.000000000000000000e+00 0.000000000000000000e+00 0.000000000000000000e+00 nan nan nan nan
1.819700858609245600e+16 2.451200871768495493e-02 3.708592129774339607e+00 -8.437141043807543372e-01 0.000000000000000000e+00 0.000000000000000000e+00 0.000000000000000000e+00 0.000000000000000000e+00 nan nan nan nan
1.905460717962472800e+16 2.410895133806242874e-02 3.725172082630780590e+00 -8.359418309386285051e-01 0.000000000000000000e+00 0.000000000000000000e+00 0.000000000000000000e+00 0.000000000000000000e+00 nan nan nan nan
1.995262314968066800e+16 2.371090758988063027e-02 3.741820100857148557e+00 -8.254797233345140262e-01 0.000000000000000000e+00 0.000000000000000000e+00 0.000000000000000000e+00 0.000000000000000000e+00 nan nan nan nan
2.089296130853186400e+16 2.331752376661632570e-02 3.758550108102862719e+00 -8.156385671932251391e-01 0.000000000000000000e+00 0.000000000000000000e+00 0.000000000000000000e+00 0.000000000000000000e+00 nan nan nan nan
2.187761623948657200e+16 2.292912711980555837e-02 3.775347250006301447e+00 -8.076613652282098599e-01 0.000000000000000000e+00 0.000000000000000000e+00 0.000000000000000000e+00 0.000000000000000000e+00 nan nan nan nan
2.290867652766833200e+16 2.254574507801894098e-02 3.792208919173522208e+00 -7.978489557408322552e-01 0.000000000000000000e+00 0.000000000000000000e+00 0.000000000000000000e+00 0.000000000000000000e+00 nan nan nan nan
2.398832919018503600e+16 2.216691043443389311e-02 3.809154623006774987e+00 -7.870877928938326829e-01 0.000000000000000000e+00 0.000000000000000000e+00 0.000000000000000000e+00 0.000000000000000000e+00 nan nan nan nan
2.511886431508544400e+16 2.179286553021217779e-02 3.826172632007685870e+00 -7.787198868328752965e-01 0.000000000000000000e+00 0.000000000000000000e+00 0.000000000000000000e+00 0.000000000000000000e+00 nan nan nan nan
2.630267991894294800e+16 2.142379869333620526e-02 3.843252886392990231e+00 -7.698609764719548387e-01 0.000000000000000000e+00 0.000000000000000000e+00 0.000000000000000000e+00 0.000000000000000000e+00 nan nan nan nan
2.754228703337025600e+16 2.105926656859129914e-02 3.860414598685622423e+00 -7.583932668611172989e-01 0.000000000000000000e+00 0.000000000000000000e+00 0.000000000000000000e+00 0.000000000000000000e+00 nan nan nan nan
2.884031503125408400e+16 2.069934347565388286e-02 3.877653295365767860e+00 -7.498558585213940253e-01 0.000000000000000000e+00 0.000000000000000000e+00 0.000000000000000000e+00 0.000000000000000000e+00 nan nan nan nan
3.019951720400759200e+16 2.034435824183960032e-02 3.894951641803851228e+00 -7.422410991384310597e-01 0.000000000000000000e+00 0.000000000000000000e+00 0.000000000000000000e+00 0.000000000000000000e+00 nan nan nan nan
3.162277660167060000e+16 1.999402400927002832e-02 3.912321849614120328e+00 -7.312235316512313288e-01 0.000000000000000000e+00 0.000000000000000000e+00 0.000000000000000000e+00 0.000000000000000000e+00 nan nan nan nan
3.311311214824526400e+16 1.964820403142533006e-02 3.929769342735749404e+00 -7.229124850601437169e-01 0.000000000000000000e+00 0.000000000000000000e+00 0.000000000000000000e+00 0.000000000000000000e+00 nan nan nan nan
3.467368504523862800e+16 1.930733408486356648e-02 3.947270250857605856e+00 -7.169262963087305041e-01 0.000000000000000000e+00 0.000000000000000000e+00 0.000000000000000000e+00 0.000000000000000000e+00 nan nan nan nan
3.630780547699488000e+16 1.897134963928110568e-02 3.964825351583834312e+00 -7.080226189189774422e-01 0.000000000000000000e+00 0.000000000000000000e+00 0.000000000000000000e+00 0.000000000000000000e+00 nan nan nan nan
3.801893963204011200e+16 1.863992791999538601e-02 3.982449336685205843e+00 -7.005143492198271371e-01 0.000000000000000000e+00 0.000000000000000000e+00 0.000000000000000000e+00 0.000000000000000000e+00 nan nan nan nan
3.981071705533292000e+16 1.831351064915399604e-02 4.000116204695409294e+00 -6.964113010210222221e-01 0.000000000000000000e+00 0.000000000000000000e+00 0.000000000000000000e+00 0.000000000000000000e+00 nan nan nan nan
4.168693834701590400e+16 1.799223352734709638e-02 4.017815084899178935e+00 -6.907747188675250616e-01 0.000000000000000000e+00 0.000000000000000000e+00 0.000000000000000000e+00 0.000000000000000000e+00 nan nan nan nan
4.365158322399808800e+16 1.767564805143067783e-02 4.035567403009932441e+00 -6.842768241923868899e-01 0.000000000000000000e+00 0.000000000000000000e+00 0.000000000000000000e+00 0.000000000000000000e+00 nan nan nan nan
4.570881896146807200e+16 1.736405819249163540e-02 4.053352830220548597e+00 -6.817440849475626674e-01 0.000000000000000000e+00 0.000000000000000000e+00 0.000000000000000000e+00 0.000000000000000000e+00 nan nan nan nan
4.786300923224344000e+16 1.705771960723393571e-02 4.071152414831178845e+00 -6.792175702698042272e-01 0.000000000000000000e+00 0.000000000000000000e+00 0.000000000000000000e+00 0.000000000000000000e+00 nan nan nan nan
5.011872336270582400e+16 1.675616038522206863e-02 4.088989304134726943e+00 -6.731176166609421641e-01 0.000000000000000000e+00 0.000000000000000000e+00 0.000000000000000000e+00 0.000000000000000000e+00 nan nan nan nan
5.248074602495480000e+16 1.645941090567270768e-02 4.106857873822473692e+00 -6.710829737227379521e-01 0.000000000000000000e+00 0.000000000000000000e+00 0.000000000000000000e+00 0.000000000000000000e+00 nan nan nan nan
5.495408738573888000e+16 1.616779082020822558e-02 4.124734236853662139e+00 -6.702776806900259121e-01 0.000000000000000000e+00 0.000000000000000000e+00 0.000000000000000000e+00 0.000000000000000000e+00 nan nan nan nan
5.754399373369095200e+16 1.588092371138275644e-02 4.142636656631757397e+00 -6.642322517158457673e-01 0.000000000000000000e+00 0.000000000000000000e+00 0.000000000000000000e+00 0.000000000000000000e+00 nan nan nan nan
6.025595860740980800e+16 1.559851771015424715e-02 4.160579387821052855e+00 -6.609682953967913610e-01 0.000000000000000000e+00 0.000000000000000000e+00 0.000000000000000000e+00 0.000000000000000000e+00 nan nan nan nan
6.309573444799207200e+16 1.532092028520131745e-02 4.178536045638277407e+00 -6.600593533278718006e-01 0.000000000000000000e+00 0.000000000000000000e+00 0.000000000000000000e+00 0.000000000000000000e+00 nan nan nan nan
6.606934480073100000e+16 1.504793287542837907e-02 4.196514647690566591e+00 -6.540185310283350706e-01 0.000000000000000000e+00 0.000000000000000000e+00 0.000000000000000000e+00 0.000000000000000000e+00 nan nan nan nan
6.918309709186363200e+16 1.477901261417846092e-02 4.214547171229633626e+00 -6.482123261875591957e-01 0.000000000000000000e+00 0.000000000000000000e+00 0.000000000000000000e+00 0.000000000000000000e+00 nan nan nan nan
7.244359600746750400e+16 1.451446783473574198e-02 4.232609345302988935e+00 -6.456804740632433592e-01 0.000000000000000000e+00 0.000000000000000000e+00 0.000000000000000000e+00 0.000000000000000000e+00 nan nan nan nan
7.585775750288531200e+16 1.425430658721954513e-02 4.250696201278743480e+00 -6.397874797040201678e-01 0.000000000000000000e+00 0.000000000000000000e+00 0.000000000000000000e+00 0.000000000000000000e+00 nan nan nan nan
7.943282347239345600e+16 1.399787913109849270e-02 4.268849451478565982e+00 -6.308309462354436681e-01 0.000000000000000000e+00 0.000000000000000000e+00 0.000000000000000000e+00 0.000000000000000000e+00 nan nan nan nan
8.317637711023068800e+16 1.374536808602985598e-02 4.287053378092367417e+00 -6.260694157093829038e-01 0.000000000000000000e+00 0.000000000000000000e+00 0.000000000000000000e+00 0.000000000000000000e+00 nan nan nan nan
8.709635899556984000e+16 1.349696485854461579e-02 4.305290444107739312e+00 -6.204117666431008260e-01 0.000000000000000000e+00 0.000000000000000000e+00 0.000000000000000000e+00 0.000000000000000000e+00 nan nan nan nan
9.120108393555086400e+16 1.325208559758873396e-02 4.323600335344949031e+00 -6.084846634959681921e-01 0.000000000000000000e+00 0.000000000000000000e+00 0.000000000000000000e+00 0.000000000000000000e+00 nan nan nan nan
9.549925860210150400e+16 1.301068189581761070e-02 4.341984574624667026e+00 -6.013685235074975877e-01 0.000000000000000000e+00 0.000000000000000000e+00 0.000000000000000000e+00 0.000000000000000000e+00 nan nan nan nan
