# [1] m:            [M_sun/h] 
# [2] sigma 
# [3] ln(1/sigma) 
# [4] n_eff 
# [5] f(sigma) 
# [6] dn/dm:        [h^4/(Mpc^3*M_sun)] 
# [7] dn/dlnm:      [h^3/Mpc^3] 
# [8] dn/dlog10m:   [h^3/Mpc^3] 
# [9] n(>m):        [h^3/Mpc^3] 
# [11] rho(>m):     [M_sun*h^2/Mpc^3] 
# [11] rho(<m):     [M_sun*h^2/Mpc^3] 
# [12] Lbox(N=1):   [Mpc/h]
1.000000000000000000e+08 7.477501924317034865e-01 2.906863241244651008e-01 -2.515308955417428827e+00 1.358333109024965901e-01 8.268285223375331913e-08 8.268285223375331228e+00 1.903843029996698277e+01 nan nan nan nan
1.047128548050898463e+08 7.449701080173327661e-01 2.944111848742127502e-01 -2.514074617330376960e+00 1.343985786387786874e-01 7.480117649136521471e-08 7.832644733190226027e+00 1.803533100136214173e+01 nan nan nan nan
1.096478196143182814e+08 7.421932769169490296e-01 2.981455887139004557e-01 -2.512828306178043647e+00 1.329621305656777941e-01 6.766345652824182884e-08 7.419150475889926710e+00 1.708322528846382582e+01 nan nan nan nan
1.148153621496879309e+08 7.394197529746563413e-01 3.018895179667410167e-01 -2.511591878762228447e+00 1.315241536584670634e-01 6.119734205386232069e-08 7.026394990512529581e+00 1.617887236264219197e+01 nan nan nan nan
1.202264434617408216e+08 7.366495963732380137e-01 3.056429457509519665e-01 -2.510348212483964225e+00 1.300848410473691430e-01 5.534242719274883288e-08 6.653623193924524948e+00 1.532053358073004290e+01 nan nan nan nan
1.258925411794161052e+08 7.338827473786787570e-01 3.094060078438640726e-01 -2.509084975125667416e+00 1.286443262142568655e-01 5.004274549904533773e-08 6.300008398469604920e+00 1.450630542405340506e+01 nan nan nan nan
1.318256738556399345e+08 7.311192223576906679e-01 3.131787376503208931e-01 -2.507830941456313134e+00 1.272027847093816222e-01 4.524338534520369558e-08 5.964239760641861565e+00 1.373316956389632715e+01 nan nan nan nan
1.380384264602875412e+08 7.283591027392746220e-01 3.169610794110723773e-01 -2.506576372009171827e+00 1.257604287465782233e-01 4.089856958907647412e-08 5.645574190552685501e+00 1.299941497255854017e+01 nan nan nan nan
1.445439770745916069e+08 7.256023526876974605e-01 3.207531377833555686e-01 -2.505298897524887991e+00 1.243174119398382377e-01 3.696740845320765893e-08 5.343416239967512027e+00 1.230367057981148804e+01 nan nan nan nan
1.513561248436194658e+08 7.228489463886090816e-01 3.245550048083160610e-01 -2.504025475483429908e+00 1.228738955568100255e-01 3.340897599610567061e-08 5.056653141764055448e+00 1.164337414466742260e+01 nan nan nan nan
1.584893192461097836e+08 7.200989735203792153e-01 3.283666131964901314e-01 -2.502757449549318114e+00 1.214301039704908242e-01 3.018831129778886056e-08 4.784524906776201902e+00 1.101677572740161004e+01 nan nan nan nan
1.659586907437542677e+08 7.173524328332606670e-01 3.321880210261045074e-01 -2.501468314014403838e+00 1.199862164505658690e-01 2.727522193233771679e-08 4.526560121636098444e+00 1.042278985862059493e+01 nan nan nan nan
1.737800828749355078e+08 7.146092648580800732e-01 3.360193683802041864e-01 -2.500174582073259710e+00 1.185423840374476151e-01 2.463974236451886672e-08 4.281896470123148113e+00 9.859430981849385489e+00 nan nan nan nan
1.819700858609960079e+08 7.118695500936531584e-01 3.398606005168918753e-01 -2.498890403617376688e+00 1.170988338392118522e-01 2.225509524273499959e-08 4.049761592165131319e+00 9.324920672299263913e+00 nan nan nan nan
1.905460717963221073e+08 7.091333240312152064e-01 3.437117249502693039e-01 -2.497591125212562879e+00 1.156557717689545711e-01 2.009873762726120872e-08 3.829735502939554781e+00 8.818291879178673298e+00 nan nan nan nan
1.995262314968850315e+08 7.064005124938735891e-01 3.475729041916964523e-01 -2.496277116387093820e+00 1.142133482302501862e-01 1.814900046071663792e-08 3.621201667362020871e+00 8.338124977992972475e+00 nan nan nan nan
2.089296130854006708e+08 7.036711685266662242e-01 3.514441221056701647e-01 -2.494974818126038496e+00 1.127717830384098452e-01 1.638542265644531263e-08 3.423400015851877143e+00 7.882669843856112912e+00 nan nan nan nan
2.187761623949516118e+08 7.009453594016901157e-01 3.553253416307797230e-01 -2.493665271822218976e+00 1.113313058693483487e-01 1.479105616615497014e-08 3.235930505799569978e+00 7.451005344618772952e+00 nan nan nan nan
2.290867652767732441e+08 6.982230195826591990e-01 3.592167149568746831e-01 -2.492332652455933939e+00 1.098920784501932896e-01 1.335026191542122035e-08 3.058368317801546166e+00 7.042153297455117311e+00 nan nan nan nan
2.398832919019445777e+08 6.955041598546054527e-01 3.631182865371653801e-01 -2.491010466691205849e+00 1.084543049996621045e-01 1.204757988979135858e-08 2.890013123414817642e+00 6.654501136532120498e+00 nan nan nan nan
2.511886431509530842e+08 6.927888697023145692e-01 3.670299875351447083e-01 -2.489688727749388431e+00 1.070182335018975001e-01 1.087018929607459440e-08 2.730468100074991078e+00 6.287135144128448871e+00 nan nan nan nan
2.630267991895327568e+08 6.900771117157485923e-01 3.709519315253002603e-01 -2.488340752665797684e+00 1.055840469060805864e-01 9.806709240725582016e-09 2.579427342170462989e+00 5.939350946542960585e+00 nan nan nan nan
2.754228703338106871e+08 6.873688508048630963e-01 3.748842301045378078e-01 -2.486996708466756800e+00 1.041519314045653288e-01 8.845688610622685121e-09 2.436304947216797689e+00 5.609799453449044293e+00 nan nan nan nan
2.884031503126540780e+08 6.846641836567413097e-01 3.788268037650944220e-01 -2.485659842540461462e+00 1.027221448284635769e-01 7.977350606609691062e-09 2.300693046094796745e+00 5.297541511492942057e+00 nan nan nan nan
3.019951720401945114e+08 6.819631117738759185e-01 3.827797109096000017e-01 -2.484299448456251724e+00 1.012948965440254451e-01 7.193319138143185107e-09 2.172347650663574825e+00 5.002015317218584833e+00 nan nan nan nan
3.162277660168301463e+08 6.792655650339413098e-01 3.867431159084993020e-01 -2.482932715939598634e+00 9.987035992379673932e-02 6.485266725950922771e-09 2.050821408770742593e+00 4.722190804228560523e+00 nan nan nan nan
3.311311214825826287e+08 6.765716278255328175e-01 3.907169569680082333e-01 -2.481577724672686003e+00 9.844879171813321339e-02 5.845722720172831604e-09 1.935700720207043313e+00 4.457115622846576031e+00 nan nan nan nan
3.467368504525224566e+08 6.738813419146891803e-01 3.947012341402286739e-01 -2.480206547840943188e+00 9.703042776868582575e-02 5.268450669006651030e-09 1.826765991735850969e+00 4.206284140959454909e+00 nan nan nan nan
3.630780547700913548e+08 6.711946239343785647e-01 3.986961334941461765e-01 -2.478817359461825465e+00 9.561543956917516185e-02 4.747468975364990581e-09 1.723701800656879612e+00 3.968970070959525476e+00 nan nan nan nan
3.801893963205503821e+08 6.685115259594784920e-01 4.027016410637486721e-01 -2.477442093342166807e+00 9.420407156257633308e-02 4.277088774466641990e-09 1.626103799173875375e+00 3.744242367638749069e+00 nan nan nan nan
3.981071705534855127e+08 6.658321238508793094e-01 4.067177065057656637e-01 -2.476059821076940892e+00 9.279658200923576739e-02 3.852634874864026050e-09 1.533761569207799047e+00 3.531616525465033796e+00 nan nan nan nan
4.168693834703227282e+08 6.631563466548665575e-01 4.107444996210611876e-01 -2.474650431816937779e+00 9.139315335915898508e-02 3.469814114109883209e-09 1.446459270505610961e+00 3.330595553889262206e+00 nan nan nan nan
4.365158322401522398e+08 6.604841988491942928e-01 4.147820783200057981e-01 -2.473252861906702016e+00 8.999400905491462821e-02 3.124351959380752239e-09 1.363829095760239474e+00 3.140332545289076460e+00 nan nan nan nan
4.570881896148602366e+08 6.578157791712984093e-01 4.188303577202669437e-01 -2.471857108462265362e+00 8.859942295356276754e-02 2.812719989707429049e-09 1.285661087988897000e+00 2.960344055845740563e+00 nan nan nan nan
4.786300923226223588e+08 6.551510495894147246e-01 4.228894598731225418e-01 -2.470431405218440180e+00 8.720959834697232516e-02 2.531807463915720430e-09 1.211799240197085625e+00 2.790270866179320741e+00 nan nan nan nan
5.011872336272550821e+08 6.524899648889164183e-01 4.269595193841419500e-01 -2.469009371830007016e+00 8.582473596105912039e-02 2.278470969279617783e-09 1.141940561993262104e+00 2.629415315130928299e+00 nan nan nan nan
5.248074602497540712e+08 6.498326293743875715e-01 4.310404425197112421e-01 -2.467596720570812696e+00 8.444511519446397385e-02 2.050026248952213468e-09 1.075869069157941116e+00 2.477280080656455663e+00 nan nan nan nan
5.495408738576046228e+08 6.471790485708308616e-01 4.351322861802233155e-01 -2.466158012431885371e+00 8.307096462666102576e-02 1.844192068327133231e-09 1.013458920789756190e+00 2.333575403372325940e+00 nan nan nan nan
5.754399373371354342e+08 6.445291411862686948e-01 4.392352424407902078e-01 -2.464710797397805297e+00 8.170246871400838051e-02 1.658699944319994395e-09 9.544821920206075783e-01 2.197776466874931334e+00 nan nan nan nan
6.025595860743346214e+08 6.418829954238968183e-01 4.433492420202875817e-01 -2.463277905994488926e+00 8.033990013387619367e-02 1.491505737374301673e-09 8.987210797397544582e-01 2.069381760968271866e+00 nan nan nan nan
6.309573444801684618e+08 6.392406605723925939e-01 4.474742748942707737e-01 -2.461827884070452388e+00 7.898351154845315025e-02 1.340916694612979582e-09 8.460612368021306340e-01 1.948127991620691501e+00 nan nan nan nan
6.606934480075694323e+08 6.366020442468566243e-01 4.516105529441126198e-01 -2.460355992890875143e+00 7.763348326400211497e-02 1.205315103179797480e-09 7.963437914554597485e-01 1.833649343103700868e+00 nan nan nan nan
6.918309709189080000e+08 6.339671968816832370e-01 4.557580658177212696e-01 -2.458900513103595920e+00 7.629006915369562769e-02 1.083151731162508653e-09 7.493579138226543757e-01 1.725460361685160926e+00 nan nan nan nan
7.244359600749595165e+08 6.313362038784878782e-01 4.599167471165325760e-01 -2.457438569341137580e+00 7.495354057145428572e-02 9.731622133629142566e-10 7.049937023462353736e-01 1.623307989677123198e+00 nan nan nan nan
7.585775750291509628e+08 6.287089897400207628e-01 4.640867847610085639e-01 -2.455944964203221836e+00 7.362408691631280866e-02 8.741921930580583860e-10 6.631425939193973385e-01 1.526942251288208263e+00 nan nan nan nan
7.943282347242463827e+08 6.260855517550221183e-01 4.682682530743293992e-01 -2.454464584827261042e+00 7.230193464282502758e-02 7.850856425706505317e-10 6.236156925704955389e-01 1.435928197469980905e+00 nan nan nan nan
8.317637711026334763e+08 6.234659983364451152e-01 4.724610488912426853e-01 -2.452987765001009457e+00 7.098736560088060588e-02 7.048914896356205835e-10 5.863032036374766776e-01 1.350013016670306376e+00 nan nan nan nan
8.709635899560405016e+08 6.208502921063802082e-01 4.766653016251061747e-01 -2.451477017196849406e+00 6.968058757963499494e-02 6.327771682987524905e-10 5.511258741436990682e-01 1.269014222166594097e+00 nan nan nan nan
9.120108393558667898e+08 6.182383771393681338e-01 4.808811723701559293e-01 -2.449969425324384886e+00 6.838179892650116110e-02 5.678995447340511068e-10 5.179305404627165821e-01 1.192579141675800702e+00 nan nan nan nan
9.549925860213899612e+08 6.156303651470567129e-01 4.851085521340727236e-01 -2.448473750658699988e+00 6.709128057082208718e-02 5.095378331857255851e-10 4.866048529897716857e-01 1.120449080672807574e+00 nan nan nan nan
9.999999999999508858e+08 6.130262669303914169e-01 4.893474941590724159e-01 -2.446949531305767422e+00 6.580926192173935929e-02 4.570839294333103177e-10 4.570839294332878500e-01 1.052474642160231122e+00 nan nan nan nan
1.047128548050847054e+09 6.104259901275587152e-01 4.935982210724081942e-01 -2.445414153204429120e+00 6.453592086202561418e-02 4.099344914461827615e-10 4.292541088240037217e-01 9.883941120845949335e-01 nan nan nan nan
1.096478196143129110e+09 6.078296260354729696e-01 4.978606566214178741e-01 -2.443895943393265213e+00 6.327152429231158726e-02 3.675433148809248553e-10 4.030032309051025941e-01 9.279492319105265841e-01 nan nan nan nan
1.148153621496823072e+09 6.052372323113409669e-01 5.021347782871868892e-01 -2.442359916843289902e+00 6.201632055073193900e-02 3.294611018966592357e-10 3.782719572849831402e-01 8.710033699420827169e-01 nan nan nan nan
1.202264434617349148e+09 6.026487084571819919e-01 5.064208250560595648e-01 -2.440797613328138382e+00 6.077047992494865464e-02 2.952608393003599785e-10 3.549816060260912454e-01 8.173753543227630924e-01 nan nan nan nan
1.258925411794099331e+09 6.000641022857128304e-01 5.107187923298169840e-01 -2.439254337778548276e+00 5.953424295894989976e-02 2.645312143885684089e-10 3.330250680065216518e-01 7.668185571851451332e-01 nan nan nan nan
1.318256738556334734e+09 5.974835089871640692e-01 5.150285955788417303e-01 -2.437705471802494195e+00 5.830787026276337826e-02 2.369382647993672760e-10 3.123454641936110887e-01 7.192020097165143788e-01 nan nan nan nan
1.380384264602807522e+09 5.949068499701181123e-01 5.193504403645395895e-01 -2.436120012282957603e+00 5.709153750314806264e-02 2.121790927213144482e-10 2.928886808702025335e-01 6.744011104784187749e-01 nan nan nan nan
1.445439770745845318e+09 5.923341145428842047e-01 5.236844206283431946e-01 -2.434549062347124870e+00 5.588545092552257842e-02 1.899493691594578474e-10 2.745603726111646714e-01 6.321986211013584933e-01 nan nan nan nan
1.513561248436120510e+09 5.897654203925480898e-01 5.280304136982517660e-01 -2.432983735514100854e+00 5.468987415279393666e-02 1.699990944682317523e-10 2.573040416563468491e-01 5.924644506850232917e-01 nan nan nan nan
1.584893192461020231e+09 5.872007323135502999e-01 5.323885545546281906e-01 -2.431380393011945085e+00 5.350499633418472761e-02 1.521109003586011305e-10 2.410795304774634995e-01 5.551061331034111701e-01 nan nan nan nan
1.659586907437461376e+09 5.846399835150137836e-01 5.367590339893110185e-01 -2.429779351426644585e+00 5.233099000347234825e-02 1.360648847298815495e-10 2.258115012596987881e-01 5.199501966271886655e-01 nan nan nan nan
1.737800828749269724e+09 5.820832922067000759e-01 5.411417277332793985e-01 -2.428192969917126298e+00 5.116810963194368816e-02 1.216726678133076303e-10 2.114428629621006028e-01 4.868651842765157056e-01 nan nan nan nan
1.819700858609870911e+09 5.795306755618400141e-01 5.455366830703713976e-01 -2.426575748233765761e+00 5.001655954108048113e-02 1.087762390422342443e-10 1.979402155815062070e-01 4.557741897020039512e-01 nan nan nan nan
1.905460717963127375e+09 5.769820308498645467e-01 5.499441553335562283e-01 -2.424944198541264306e+00 4.887648716375318780e-02 9.721966977144717097e-11 1.852482617628398720e-01 4.265498860381740087e-01 nan nan nan nan
1.995262314968752384e+09 5.744374513028797091e-01 5.543640626373870228e-01 -2.423332789424627265e+00 4.774812465531121791e-02 8.686118392378992070e-11 1.733108469167076449e-01 3.990629725645841175e-01 nan nan nan nan
2.089296130853904009e+09 5.718970033106727247e-01 5.587963679580137955e-01 -2.421703223189869636e+00 4.663168740559686665e-02 7.758469733770689821e-11 1.620974079611422203e-01 3.732430751843004435e-01 nan nan nan nan
2.187761623949408531e+09 5.693605797186340745e-01 5.632413377981697611e-01 -2.420042456173239209e+00 4.552731076031642926e-02 6.928071598302360929e-11 1.515696917073974803e-01 3.490021126751566838e-01 nan nan nan nan
2.290867652767620087e+09 5.668282246203029118e-01 5.676989759687459669e-01 -2.418403340038780325e+00 4.443519280887287676e-02 6.184336898346470104e-11 1.416749735423916134e-01 3.262186821290367633e-01 nan nan nan nan
2.398832919019328117e+09 5.643000426391246993e-01 5.721691784459526087e-01 -2.416759839018687739e+00 4.335555252434893092e-02 5.518693998674142884e-11 1.323842483401394265e-01 3.048259967752268151e-01 nan nan nan nan
2.511886431509407520e+09 5.617759538680374698e-01 5.766521671717086406e-01 -2.415074525154801144e+00 4.228852517328438032e-02 4.923424052995111414e-11 1.236708207528547515e-01 2.847625883038620298e-01 nan nan nan nan
2.630267991895198822e+09 5.592559390264656427e-01 5.811480590411680636e-01 -2.413404782306518115e+00 4.123426815566155756e-02 4.390772913688254023e-11 1.154890945455463447e-01 2.659234675039550133e-01 nan nan nan nan
2.754228703337971687e+09 5.567401241386384925e-01 5.856567114148505393e-01 -2.411742983732529488e+00 4.019299438361428889e-02 3.914367939512017513e-11 1.078106453442991136e-01 2.482431848358510884e-01 nan nan nan nan
2.884031503126399040e+09 5.542284777037560506e-01 5.901782626266725007e-01 -2.410039098004094882e+00 3.916484552616918136e-02 3.488701535455432666e-11 1.006152513325890840e-01 2.316751778462689260e-01 nan nan nan nan
3.019951720401796818e+09 5.517209222611628716e-01 5.947129361653201718e-01 -2.408336252139363420e+00 3.814994029813968679e-02 3.108228872819020267e-11 9.386701131872338122e-02 2.161367809863958267e-01 nan nan nan nan
3.162277660168146610e+09 5.492175812522974709e-01 5.992605931238386141e-01 -2.406650924442655715e+00 3.714847356934440625e-02 2.768186911349241575e-11 8.753775628929567898e-02 2.015631327058780287e-01 nan nan nan nan
3.311311214825664043e+09 5.467184790476714573e-01 6.038212725774836365e-01 -2.404932752068240198e+00 3.616059357670451530e-02 2.464596151437328600e-11 8.161044876270596993e-02 1.879150027535611556e-01 nan nan nan nan
3.467368504525054455e+09 5.442235036334153175e-01 6.083952642355694440e-01 -2.403196530722943258e+00 3.518638959861753596e-02 2.193563513227969389e-11 7.605893038441988163e-02 1.751321592922371051e-01 nan nan nan nan
3.630780547700735569e+09 5.417327488691481285e-01 6.129824824152755314e-01 -2.401483489789156600e+00 3.422602625257809700e-02 1.951536963966087735e-11 7.085602446887022399e-02 1.631520256908419453e-01 nan nan nan nan
3.801893963205317020e+09 5.392462898770331581e-01 6.175828738903956783e-01 -2.399752331440067721e+00 3.327965333764388439e-02 1.735615192911590817e-11 6.598624924378009016e-02 1.519389538513176707e-01 nan nan nan nan
3.981071705534659863e+09 5.367640145639221982e-01 6.221967325241968272e-01 -2.397984547927128673e+00 3.234734323554113583e-02 1.543087036859541625e-11 6.143140141618839978e-02 1.414510291426487321e-01 nan nan nan nan
4.168693834703022480e+09 5.342859622339088954e-01 6.268240735548193943e-01 -2.396240992149847315e+00 3.142922008446426968e-02 1.371328162155712287e-11 5.716647254933144434e-02 1.316306675111439117e-01 nan nan nan nan
4.365158322401308060e+09 5.318122462800309869e-01 6.314647724578554833e-01 -2.394494566751905307e+00 3.052542773090765119e-02 1.218215076740634646e-11 5.317701680709129713e-02 1.224446061899022581e-01 nan nan nan nan
4.570881896148377419e+09 5.293427872645956045e-01 6.361190659310007600e-01 -2.392700882273254503e+00 2.963603218592475094e-02 1.081849566659684778e-11 4.945006598600720088e-02 1.138629847869521011e-01 nan nan nan nan
4.786300923225988388e+09 5.268775568593772052e-01 6.407870973611570209e-01 -2.390923539515817264e+00 2.876111244014325358e-02 9.603325796176347960e-12 4.596440712427880132e-02 1.058369586526736877e-01 nan nan nan nan
5.011872336272304535e+09 5.244166882992596923e-01 6.454687039924313918e-01 -2.389156679068142441e+00 2.790079732200701629e-02 8.521000903994121818e-12 4.270616870807943805e-02 9.833458744611250912e-02 nan nan nan nan
5.248074602497282982e+09 5.219601551046717525e-01 6.501640252299778489e-01 -2.387343746416551227e+00 2.705515129835328256e-02 7.558071660699449622e-12 3.966532392637124593e-02 9.133278358164248489e-02 nan nan nan nan
5.495408738575776100e+09 5.195078695544995684e-01 6.548733202332401859e-01 -2.385530123792744650e+00 2.622421171308175411e-02 6.701117093631431014e-12 3.682537743456167079e-02 8.479356512470102858e-02 nan nan nan nan
5.754399373371071815e+09 5.170599590094818732e-01 6.595964363250012008e-01 -2.383736976412770048e+00 2.540808171902986246e-02 5.938573766227632440e-12 3.417292515909817197e-02 7.868606805534063275e-02 nan nan nan nan
6.025595860743050575e+09 5.146164555738160784e-01 6.643334022384217441e-01 -2.381909302732609923e+00 2.460682336705288104e-02 5.260801634837640939e-12 3.169946455506796046e-02 7.299071454039261775e-02 nan nan nan nan
6.309573444801375389e+09 5.121772391957634118e-01 6.690845435415195830e-01 -2.380059258682467593e+00 2.382044189941445733e-02 4.658479189337992588e-12 2.939301658620683752e-02 6.767992182952660418e-02 nan nan nan nan
6.606934480075369835e+09 5.097424030695577590e-01 6.738497728861840841e-01 -2.378235518735515530e+00 2.304900462876936784e-02 4.123084653545021956e-12 2.724095016177621731e-02 6.272460576149965772e-02 nan nan nan nan
6.918309709188739777e+09 5.073120308429194258e-01 6.786290192502903995e-01 -2.376394061339956565e+00 2.229256618653484290e-02 3.647661040071785326e-12 2.523564878935813036e-02 5.810722871440927167e-02 nan nan nan nan
7.244359600749238968e+09 5.048860071827442342e-01 6.834226035382574560e-01 -2.374510044376722195e+00 2.155111131344079889e-02 3.225775785897704307e-12 2.336867978443245633e-02 5.380837371458548762e-02 nan nan nan nan
7.585775750291137695e+09 5.024643655949571075e-01 6.882305558023310565e-01 -2.372652777261897494e+00 2.082466374114995758e-02 2.851216165842655281e-12 2.162868644968728854e-02 4.980189100009226738e-02 nan nan nan nan
7.943282347242074013e+09 5.000472275323869509e-01 6.930527299557701637e-01 -2.370794442351295217e+00 2.011326417397625230e-02 2.518948423914380159e-12 2.000871854929233903e-02 4.607177706151398960e-02 nan nan nan nan
8.317637711025926590e+09 4.976345156023573302e-01 6.978893758101014644e-01 -2.368883200943718847e+00 1.941688575506579639e-02 2.224505496559425048e-12 1.850263080656712814e-02 4.260388187637387247e-02 nan nan nan nan
8.709635899559976578e+09 4.952261921036892889e-01 7.027406670401881161e-01 -2.366988735457221438e+00 1.873550647758014803e-02 1.963455414088281261e-12 1.710098176172869522e-02 3.937646568011955034e-02 nan nan nan nan
9.120108393558219910e+09 4.928223964387640210e-01 7.076064204766046029e-01 -2.365107515867667320e+00 1.806914571592226765e-02 1.732135942703136705e-12 1.579726754983075757e-02 3.637455277027887984e-02 nan nan nan nan
9.549925860213432312e+09 4.904231081735799247e-01 7.124867743985610069e-01 -2.363176346341658185e+00 1.741776861271523633e-02 1.527410847012440457e-12 1.458666034705460683e-02 3.358702667169529560e-02 nan nan nan nan
9.999999999999017715e+09 4.880282298384446271e-01 7.173820267725229405e-01 -2.361242218390417147e+00 1.678131239572117420e-02 1.346189793726328442e-12 1.346189793726196293e-02 3.099716551374669116e-02 nan nan nan nan
1.047128548050795746e+10 4.856378915054017087e-01 7.222920119981002252e-01 -2.359331668157909512e+00 1.615976689982764197e-02 1.185802923696625007e-12 1.241688093764835472e-02 2.859092494851103380e-02 nan nan nan nan
1.096478196143075180e+10 4.832521333095982641e-01 7.272167463983226776e-01 -2.357385216000281059e+00 1.555308822143320474e-02 1.044026484053261311e-12 1.144752275960317020e-02 2.635889525797232430e-02 nan nan nan nan
1.148153621496766663e+10 4.808708283984309828e-01 7.321565929700647457e-01 -2.355411409047437843e+00 1.496118237562116954e-02 9.187401560707995500e-13 1.054854837407193102e-02 2.428893023886460889e-02 nan nan nan nan
1.202264434617290115e+10 4.784940681025789955e-01 7.371114650257837297e-01 -2.353467181101124517e+00 1.438400252948419424e-02 8.080058282732153997e-13 9.714366702963725744e-03 2.236815595812199214e-02 nan nan nan nan
1.258925411794037437e+10 4.761219443426765174e-01 7.420812719667844171e-01 -2.351505963623478301e+00 1.382149182100911658e-02 7.102399141764888728e-13 8.941390764271981220e-03 2.058831308444730376e-02 nan nan nan nan
1.318256738556269836e+10 4.737543400773776003e-01 7.470663615142655312e-01 -2.349495714343555530e+00 1.327353549614037308e-02 6.239947635463922319e-13 8.225853018688578447e-03 1.894072653799239517e-02 nan nan nan nan
1.380384264602739906e+10 4.713912821092652305e-01 7.520667822674385050e-01 -2.347514702399822184e+00 1.274004555496265588e-02 5.478805443868084023e-13 7.562856823535333423e-03 1.741412138232075954e-02 nan nan nan nan
1.445439770745774269e+10 4.690328993596777352e-01 7.570823651076670213e-01 -2.345534708375209387e+00 1.222094767105285328e-02 4.807681308799871394e-13 6.949213768810430340e-03 1.600115603209186985e-02 nan nan nan nan
1.513561248436046219e+10 4.666791177625231324e-01 7.621133714831337391e-01 -2.343495946996812407e+00 1.171611382841097025e-02 4.216626769093445178e-13 6.382122876817926914e-03 1.469538099781723429e-02 nan nan nan nan
1.584893192460942268e+10 4.643298900037223786e-01 7.671600095395973984e-01 -2.341474016061706909e+00 1.122541546819583701e-02 3.695894002244598317e-13 5.857597244214690115e-03 1.348761609529174933e-02 nan nan nan nan
1.659586907437379837e+10 4.619853607720121325e-01 7.722220750430967007e-01 -2.339468367915761071e+00 1.074875596845676663e-02 3.237397230868771354e-13 5.372742058523841818e-03 1.237119577245914155e-02 nan nan nan nan
1.737800828749184418e+10 4.596455164303611673e-01 7.772997030322255085e-01 -2.337408985715683674e+00 1.028599713041584290e-02 2.834236640588551978e-13 4.925338782886089749e-03 1.134101165941894807e-02 nan nan nan nan
1.819700858609781647e+10 4.573102503053488310e-01 7.823932337314862817e-01 -2.335343770066045099e+00 9.836976075432395453e-03 2.479721242709865688e-13 4.512350874472057308e-03 1.039007185791800646e-02 nan nan nan nan
1.905460717963034058e+10 4.549796941447301624e-01 7.875024892803971222e-01 -2.333305472584254137e+00 9.401568937434861412e-03 2.168060477609111197e-13 4.131154074252335780e-03 9.512333788235046231e-03 nan nan nan nan
1.995262314968654251e+10 4.526538962806400113e-01 7.926274713861685139e-01 -2.331230172041804050e+00 8.979627031400674170e-03 1.894432507956877015e-13 3.779889791377911805e-03 8.703517886787153282e-03 nan nan nan nan
2.089296130853801727e+10 4.503327241958904326e-01 7.977685823277714805e-01 -2.329121793530910978e+00 8.570962416245820475e-03 1.654312084571060624e-13 3.456347837519004040e-03 7.958535006873464560e-03 nan nan nan nan
2.187761623949301147e+10 4.480162662832244957e-01 8.029257385583837836e-01 -2.327046511095557157e+00 8.175420420342699099e-03 1.443574866122446053e-13 3.158197693400437503e-03 7.272018929552027250e-03 nan nan nan nan
2.290867652767507553e+10 4.457046225254626126e-01 8.080988277002758569e-01 -2.324955275634710272e+00 7.792839896952172447e-03 1.258845607332251600e-13 2.883848681665922547e-03 6.640306984854484756e-03 nan nan nan nan
2.398832919019210052e+10 4.433976754624367467e-01 8.132882243431295288e-01 -2.322807935089893139e+00 7.423017056188520486e-03 1.097075424343704371e-13 2.631700642562647026e-03 6.059714668787603321e-03 nan nan nan nan
2.511886431509284210e+10 4.410954443746080700e-01 8.184939997989625349e-01 -2.320692310577238349e+00 7.065765350261593927e-03 9.553662803474459332e-14 2.399771596726244568e-03 5.525678305212370148e-03 nan nan nan nan
2.630267991895069504e+10 4.387980652025508799e-01 8.237159598830551266e-01 -2.318580096097914378e+00 6.720909222448397113e-03 8.313559549476186324e-14 2.186688958170080604e-03 5.035037398097108249e-03 nan nan nan nan
2.754228703337836456e+10 4.365054681948474236e-01 8.289543764158898709e-01 -2.316402993351466488e+00 6.388235486049914647e-03 7.229782575724453292e-14 1.991247468895204591e-03 4.585016738340223080e-03 nan nan nan nan
2.884031503126257706e+10 4.342175962399467126e-01 8.342094967028310659e-01 -2.314242357203106337e+00 6.067528777973996840e-03 6.282415687111242820e-14 1.811868475736341929e-03 4.171981342696345213e-03 nan nan nan nan
3.019951720401648712e+10 4.319345985953579881e-01 8.394810943393486991e-01 -2.312101390755543662e+00 5.758597216024237408e-03 5.454881265128636324e-14 1.647347806121194714e-03 3.793158501351108665e-03 nan nan nan nan
3.162277660167991257e+10 4.296564689525350644e-01 8.447692990054344042e-01 -2.309902960356764900e+00 5.461221342692730574e-03 4.733082894268008017e-14 1.496732230026697960e-03 3.446353321063209962e-03 nan nan nan nan
3.311311214825501251e+10 4.273830919210540591e-01 8.500744971953565488e-01 -2.307695128808454843e+00 5.175163892927432500e-03 4.103606064564587469e-14 1.358831678281865801e-03 3.128825566299905415e-03 nan nan nan nan
3.467368504524884033e+10 4.251146000227564170e-01 8.553964992936008427e-01 -2.305517903781774347e+00 4.900215034445326232e-03 3.554842469527790411e-14 1.232594881738812006e-03 2.838154600392547595e-03 nan nan nan nan
3.630780547700556946e+10 4.228510498836988707e-01 8.607352898819761178e-01 -2.303302819304476667e+00 4.636149942625523643e-03 3.077128935346074624e-14 1.117237988122105280e-03 2.572535536776618739e-03 nan nan nan nan
3.801893963205130768e+10 4.205923042953149116e-01 8.660913128487968127e-01 -2.301048091127874340e+00 4.382717921330192209e-03 2.661552164618985028e-14 1.011893910742046702e-03 2.329971834566084334e-03 nan nan nan nan
3.981071705534464264e+10 4.183384477343889407e-01 8.714644904992013830e-01 -2.298830311591653963e+00 4.139690870181777886e-03 2.300039064802063803e-14 9.156620442507445914e-04 2.108389773312218957e-03 nan nan nan nan
4.168693834702818298e+10 4.160895880987561801e-01 8.768546859000243554e-01 -2.296597927629322911e+00 3.906838674145855610e-03 1.985972768499821499e-14 8.278912435932892899e-04 1.906290036118210357e-03 nan nan nan nan
4.365158322401094055e+10 4.138456085540684892e-01 8.822623009089923807e-01 -2.294301673860361213e+00 3.683904978548697799e-03 1.713450941310185091e-14 7.479484636486143090e-04 1.722214982725098252e-03 nan nan nan nan
4.570881896148153687e+10 4.116065201126130058e-01 8.876874342521469119e-01 -2.292039623033266249e+00 3.470645046368859340e-03 1.476941584657620093e-14 6.750925550979881579e-04 1.554458053759889217e-03 nan nan nan nan
4.786300923225753784e+10 4.093724654159539567e-01 8.931298639621286783e-01 -2.289783745355940869e+00 3.266823788940108851e-03 1.271922015951813536e-14 6.087801519221327064e-04 1.401768102726553243e-03 nan nan nan nan
5.011872336272058868e+10 4.071433797829906998e-01 8.985898710980569914e-01 -2.287456520659272297e+00 3.072184624563191468e-03 1.094467447307566256e-14 5.485331122111088142e-04 1.263044167190929346e-03 nan nan nan nan
5.248074602497025299e+10 4.049191961383463711e-01 9.040677474892911958e-01 -2.285144943561553621e+00 2.886470591857312213e-03 9.408693002127019565e-15 4.937752278715430406e-04 1.136959478986753142e-03 nan nan nan nan
5.495408738575506592e+10 4.027000676997803397e-01 9.095632430100659693e-01 -2.282856857487469249e+00 2.709442030909541693e-03 8.080344575314085596e-15 4.440479618988221896e-04 1.022458217642616130e-03 nan nan nan nan
5.754399373370790100e+10 4.004859958605993531e-01 9.150764797252716187e-01 -2.280507586152807242e+00 2.540845246984277123e-03 6.933437441108972553e-15 3.989776806642304492e-04 9.186800599347957940e-04 nan nan nan nan
6.025595860742755127e+10 3.982768569140460735e-01 9.206078951423681822e-01 -2.278144555282288763e+00 2.380417538412322662e-03 5.943572237667937100e-15 3.581356427331747736e-04 8.246377922272496485e-04 nan nan nan nan
6.309573444801065063e+10 3.960727833559685718e-01 9.261572882626810665e-01 -2.275816282555903403e+00 2.227915394554147617e-03 5.089693356906706258e-15 3.211379404691894353e-04 7.394474345191649626e-04 nan nan nan nan
6.606934480075045776e+10 3.938738401616277973e-01 9.317246235954755873e-01 -2.273449518336002395e+00 2.083089717786538314e-03 4.354295891739515332e-15 2.876854766358292017e-04 6.624202899725472118e-04 nan nan nan nan
6.918309709188400269e+10 3.916798862236562928e-01 9.373103895811762953e-01 -2.271035572031834704e+00 1.945678905639130910e-03 3.721531283594699630e-15 2.574670601234157878e-04 5.928398145771789909e-04 nan nan nan nan
7.244359600748883057e+10 3.894910012028507396e-01 9.429145173968862537e-01 -2.268662862484524645e+00 1.815437165337780616e-03 3.177188757219810499e-15 2.301669787675674741e-04 5.299790542096779545e-04 nan nan nan nan
7.585775750290765381e+10 3.873073008385518046e-01 9.485368420360753561e-01 -2.266277233214576192e+00 1.692121253763878390e-03 2.709615344143122412e-15 2.055453437021666468e-04 4.732856443429465042e-04 nan nan nan nan
7.943282347241683960e+10 3.851286697546915661e-01 9.541777933740810402e-01 -2.263819168787736480e+00 1.575476434825131980e-03 2.308556904610739299e-15 1.833751930799738827e-04 4.222369860108527600e-04 nan nan nan nan
8.317637711025517273e+10 3.829551099950645465e-01 9.598375029498885658e-01 -2.261397802005543411e+00 1.465257314155025536e-03 1.964575217052377977e-15 1.634062491150100065e-04 3.762567933142935400e-04 nan nan nan nan
8.709635899559548950e+10 3.807867706759469062e-01 9.655157175403931147e-01 -2.258985841979610498e+00 1.361227838277891556e-03 1.669942414929563432e-15 1.454459040726769248e-04 3.349015705547879018e-04 nan nan nan nan
9.120108393557772827e+10 3.786235927691383729e-01 9.712127263292928969e-01 -2.256495640135947944e+00 1.263144042600397284e-03 1.418014151942085602e-15 1.293244276931072184e-04 2.977804993661350703e-04 nan nan nan nan
9.549925860212962341e+10 3.764654990659531686e-01 9.769288718880222433e-01 -2.254019784387888414e+00 1.170764969822612762e-03 1.202655374962454902e-15 1.148526966627806499e-04 2.644581072258857441e-04 nan nan nan nan
9.999999999998527527e+10 3.743126462527338605e-01 9.826638782339153222e-01 -2.251571783921764602e+00 1.083862982018828774e-03 1.018752537497508160e-15 1.018752537497358193e-04 2.345764406291274624e-04 nan nan nan nan
1.047128548050744324e+11 3.721650437494630204e-01 9.884178571064664576e-01 -2.249058860014873318e+00 1.002207208651723688e-03 8.620006380940590887e-16 9.026254765862471905e-05 2.078371966944138989e-04 nan nan nan nan
1.096478196143021393e+11 3.700225598717407638e-01 9.941913025762956213e-01 -2.246526918163050279e+00 9.255657832538294631e-04 7.284826286955562484e-16 7.987653186336299521e-05 1.839225115486435515e-04 nan nan nan nan
1.148153621496710358e+11 3.678853264041941351e-01 9.999840024067166988e-01 -2.244034496920641608e+00 8.537207562426039984e-04 6.148398185614542376e-16 7.059305643217140180e-05 1.625465194096053178e-04 nan nan nan nan
1.202264434617231140e+11 3.657534167689018290e-01 1.005795897310358455e+00 -2.241503200228065928e+00 7.864557090649740853e-04 5.182892363827275495e-16 6.231207157478763699e-05 1.434788471216840225e-04 nan nan nan nan
1.258925411793975677e+11 3.636266866207704673e-01 1.011627523825461061e+00 -2.238916054641934661e+00 7.235520865607225930e-04 4.363616031099082152e-16 5.493467108862205714e-05 1.264917547371921557e-04 nan nan nan nan
1.318256738556205292e+11 3.615052099636851257e-01 1.017478825416119115e+00 -2.236374975386733244e+00 6.648031417547066576e-04 3.668743784506146490e-16 4.836346215961422594e-05 1.113609870143093453e-04 nan nan nan nan
1.380384264602672119e+11 3.593891103897390860e-01 1.023349604508133837e+00 -2.233823057251691058e+00 6.100078525727471853e-04 3.080411041393643096e-16 4.252150930048115079e-05 9.790939344689557464e-05 nan nan nan nan
1.445439770745703430e+11 3.572782746584340918e-01 1.029240320003958820e+00 -2.231189215829642691e+00 5.589640484514417623e-04 2.583137414481292869e-16 3.733769552192488982e-05 8.597322111553478872e-05 nan nan nan nan
1.513561248435971985e+11 3.551726951887110295e-01 1.035151142472302777e+00 -2.228594575000994560e+00 5.114779970691313423e-04 2.162986516102739149e-16 3.273812571662635599e-05 7.538232024766886908e-05 nan nan nan nan
1.584893192460864563e+11 3.530725274190371077e-01 1.041081783042291375e+00 -2.226013176835683005e+00 4.673648097200455774e-04 1.808563424273829251e-16 2.866379859265302162e-05 6.600083534802655527e-05 nan nan nan nan
1.659586907437298279e+11 3.509777184415887041e-01 1.047032537754619907e+00 -2.223346102503680921e+00 4.264403950635750509e-04 1.510184576567774208e-16 2.506282551085618047e-05 5.770928840960832179e-05 nan nan nan nan
1.737800828749099121e+11 3.488881807061817719e-01 1.053003807241163381e+00 -2.220691536642896757e+00 3.885261228783053362e-04 1.259139315228034010e-16 2.188133345513850763e-05 5.038363222863382745e-05 nan nan nan nan
1.819700858609692383e+11 3.468040739157033370e-01 1.058995286982973294e+00 -2.218069847916365411e+00 3.534536517458503686e-04 1.048201075088715304e-16 1.907412396334537752e-05 4.391979349991957735e-05 nan nan nan nan
1.905460717962940369e+11 3.447254157545223685e-01 1.065007075208145526e+00 -2.215379439344848045e+00 3.210576034548666153e-04 8.713383150047094082e-17 1.660300931297492138e-05 3.822984174289737158e-05 nan nan nan nan
1.995262314968556519e+11 3.426520667662772968e-01 1.071039729256026751e+00 -2.212663680638335073e+00 2.911763222096241401e-04 7.232034835473768969e-17 1.442980656776063654e-05 3.322585749771321794e-05 nan nan nan nan
2.089296130853699036e+11 3.405841573405650746e-01 1.077093025809036098e+00 -2.209992968173659644e+00 2.636582129549856247e-04 5.992615711675156064e-17 1.252034882009598902e-05 2.882916855223861458e-05 nan nan nan nan
2.187761623949194031e+11 3.385217694246585585e-01 1.083166877251145799e+00 -2.207283267871231303e+00 2.383565586651204644e-04 4.957803379039686982e-17 1.084649197174866789e-05 2.497497072542807791e-05 nan nan nan nan
2.290867652767395325e+11 3.364647559419189915e-01 1.089261872553792587e+00 -2.204507719932489174e+00 2.151278747888691798e-04 4.095216098390503020e-17 9.381598090895101801e-06 2.160192791255646278e-05 nan nan nan nan
2.398832919019092407e+11 3.344131843968017881e-01 1.095377971524886362e+00 -2.201783713575595769e+00 1.938373614262762579e-04 3.376775915446983048e-17 8.100321226125054141e-06 1.865167890373880066e-05 nan nan nan nan
2.511886431509161072e+11 3.323671862831121815e-01 1.101514938433574065e+00 -2.199051416742824117e+00 1.743565216886618834e-04 2.779630071963991131e-17 6.982115062381182015e-06 1.607691406020810154e-05 nan nan nan nan
2.630267991894940491e+11 3.303266510233992537e-01 1.107673262515586288e+00 -2.196226634784885334e+00 1.565603508290967631e-04 2.284333791144025528e-17 6.008410053650152719e-06 1.383487542213039763e-05 nan nan nan nan
2.754228703337701416e+11 3.282915607409681580e-01 1.113853160741733683e+00 -2.193443536963807450e+00 1.403307634166171467e-04 1.873837089889993064e-17 5.160975898353807182e-06 1.188358616885102992e-05 nan nan nan nan
2.884031503126116333e+11 3.262620770711631701e-01 1.120054303187731470e+00 -2.190678291599664540e+00 1.255567493111415384e-04 1.534282813701014774e-17 4.424919969418705002e-06 1.018875475927517948e-05 nan nan nan nan
3.019951720401500244e+11 3.242381536228873262e-01 1.126276991154958829e+00 -2.187819277202962098e+00 1.121312632841406110e-04 1.254075142841213176e-17 3.787246385136078752e-06 8.720457069909921542e-06 nan nan nan nan
3.162277660167836304e+11 3.222196922492717719e-01 1.132521692014806458e+00 -2.184970324783307216e+00 9.995269375699263026e-05 1.023085883113418051e-17 3.235281632602644077e-06 7.449511258868287933e-06 nan nan nan nan
3.311311214825338745e+11 3.202068552754515629e-01 1.138788069293760419e+00 -2.182160101101478844e+00 8.892649055524519690e-05 8.329973408166020556e-18 2.758313436565699376e-06 6.351251400841357365e-06 nan nan nan nan
3.467368504524713745e+11 3.181996688844408450e-01 1.145076203668429882e+00 -2.179277288892689235e+00 7.896248178146390623e-05 6.769575069751200312e-18 2.347261138587100362e-06 5.404768507074888420e-06 nan nan nan nan
3.630780547700379028e+11 3.161979859906433599e-01 1.151386723643105459e+00 -2.176361514840864153e+00 6.997495212971608454e-05 5.490645550984133477e-18 1.993532906083082277e-06 4.590279151940004326e-06 nan nan nan nan
3.801893963204943848e+11 3.142019349481645074e-01 1.157719394846782768e+00 -2.173497306034807508e+00 6.188459320297237188e-05 4.443968597729170672e-18 1.689549738437887328e-06 3.890332041599068626e-06 nan nan nan nan
3.981071705534268799e+11 3.122116063659002849e-01 1.164074095531919539e+00 -2.170594329757715713e+00 5.461668284430496497e-05 3.589520907217734631e-18 1.429014012014822234e-06 3.290426361744943976e-06 nan nan nan nan
4.168693834702613525e+11 3.102268508524254065e-01 1.170451472177834740e+00 -2.167613942730822529e+00 4.810040371968753316e-05 2.893461353357916757e-18 1.206195450469342862e-06 2.777367663487946869e-06 nan nan nan nan
4.365158322400879517e+11 3.082477285646496590e-01 1.176851505773755635e+00 -2.164691340342602910e+00 4.227034151666951117e-05 2.327163560258028034e-18 1.015843738264839174e-06 2.339066648539963927e-06 nan nan nan nan
4.570881896147929077e+11 3.062743789993642163e-01 1.183273915395618658e+00 -2.161763588433469607e+00 3.706563432797534423e-05 1.867592521952608650e-18 8.536544847974432288e-07 1.965612091262105238e-06 nan nan nan nan
4.786300923225518799e+11 3.043066946695796027e-01 1.189719222092558537e+00 -2.158731536264479889e+00 3.242897946711921568e-05 1.495588297374316085e-18 7.158335648487970880e-07 1.648267695485626837e-06 nan nan nan nan
5.011872336271812744e+11 3.023446467175413543e-01 1.196187698000803934e+00 -2.155743601142448007e+00 2.830743247359067310e-05 1.194865463570117381e-18 5.988513162433666492e-07 1.378906113701839098e-06 nan nan nan nan
5.248074602496767578e+11 3.003884028592894717e-01 1.202678965498861663e+00 -2.152779104937177834e+00 2.465231786386282541e-05 9.523543823708321887e-19 4.998026846696860169e-07 1.150838211158822776e-06 nan nan nan nan
5.495408738575236816e+11 2.984379235518265228e-01 1.209193329076843737e+00 -2.149711961692197359e+00 2.141821185336944262e-05 7.573444497714895992e-19 4.161917307385698477e-07 9.583168750260226662e-07 nan nan nan nan
5.754399373370507812e+11 2.964930997036073212e-01 1.215731333315646978e+00 -2.146651702098917980e+00 1.856316730870447306e-05 6.007898308094286545e-19 3.457184625937149669e-07 7.960461783411077817e-07 nan nan nan nan
6.025595860742459717e+11 2.945540958667594023e-01 1.222292605605233007e+00 -2.143637052331007098e+00 1.604899406963297118e-05 4.753897925596118535e-19 2.864506766286413749e-07 6.595770578831675836e-07 nan nan nan nan
6.309573444800755615e+11 2.926209469256352835e-01 1.228877204012357449e+00 -2.140545856440096539e+00 1.384042469185156242e-05 3.752461920925914381e-19 2.367643408890018194e-07 5.451700418835762189e-07 nan nan nan nan
6.606934480074721680e+11 2.906934982057248762e-01 1.235485837660807995e+00 -2.137412523682316934e+00 1.190498703013372205e-05 2.954447265253280319e-19 1.951983950636436490e-07 4.494609146499084051e-07 nan nan nan nan
6.918309709188061523e+11 2.887718753443185848e-01 1.242118261247481481e+00 -2.134338533994238674e+00 1.021332640969591686e-05 2.319847652460543095e-19 1.604942453785490790e-07 3.695516569199756615e-07 nan nan nan nan
7.244359600748527832e+11 2.868561777686446934e-01 1.248774311583824126e+00 -2.131226409379351150e+00 8.738642607790112060e-06 1.816748273025237453e-19 1.316117779383368646e-07 3.030473179432571198e-07 nan nan nan nan
7.585775750290393066e+11 2.849462540903310304e-01 1.255454698636523370e+00 -2.128023439517563453e+00 7.456405040072135817e-06 1.418987173144110649e-19 1.076411848800971000e-07 2.478529876971276719e-07 nan nan nan nan
7.943282347241293945e+11 2.830421562399605961e-01 1.262159430453974052e+00 -2.124885408527052100e+00 6.344545682787073495e-06 1.105120465309220730e-19 8.778283883665817730e-08 2.021274561259879259e-07 nan nan nan nan
8.317637711025109863e+11 2.811440318582110742e-01 1.268888172076522824e+00 -2.121746155450338289e+00 5.383156844412101139e-06 8.582251964628194133e-20 7.138406258651081099e-08 1.643678783890537874e-07 nan nan nan nan
8.709635899559122314e+11 2.792517768977944015e-01 1.275641477945481883e+00 -2.118489286543587369e+00 4.554167659888153063e-06 6.646312806088922301e-20 5.788696461561160413e-08 1.332896618025810938e-07 nan nan nan nan
9.120108393557324219e+11 2.773653507915443961e-01 1.282419685926930564e+00 -2.115278886643151335e+00 3.841386555642347236e-06 5.131431917173320170e-20 4.679921529878035050e-08 1.077591755107905317e-07 nan nan nan nan
9.549925860212493896e+11 2.754849272302418162e-01 1.289222362483880557e+00 -2.112098751348666870e+00 3.230378534988220080e-06 3.949683084996836117e-20 3.771918063305514624e-08 8.685162304562250284e-08 nan nan nan nan
9.999999999998037109e+11 2.736104738410061743e-01 1.296049812383837763e+00 -2.108806190309764794e+00 2.708170503939645420e-06 3.031044638724527730e-20 3.031044638723933098e-08 6.979238201325252186e-08 nan nan nan nan
1.047128548050692871e+12 2.717418701758671506e-01 1.302902669984474127e+00 -2.105516436994609553e+00 2.263195275414240724e-06 2.318667953940970314e-20 2.427943408021878923e-08 5.590546297944338587e-08 nan nan nan nan
1.096478196142967529e+12 2.698792826422615199e-01 1.309780521288318678e+00 -2.102280494063393235e+00 1.885249940007875783e-06 1.767883998383274638e-20 1.938446257537309803e-08 4.463437456175506431e-08 nan nan nan nan
1.148153621496654053e+12 2.680227550436835027e-01 1.316683395196249329e+00 -2.098963973822113971e+00 1.565267739152616322e-06 1.343615352564043449e-20 1.542676832944910255e-08 3.552144678846216161e-08 nan nan nan nan
1.202264434617172119e+12 2.661721250864964028e-01 1.323612092679483432e+00 -2.095594235734091093e+00 1.295218917855680111e-06 1.017772397072944353e-20 1.223631555535867455e-08 2.817515779094004280e-08 nan nan nan nan
1.258925411793913818e+12 2.643275149705536231e-01 1.330566357718359516e+00 -2.092293200259711217e+00 1.068086127742640964e-06 7.682384344091942321e-21 9.671548873945065357e-09 2.226956426330925777e-08 nan nan nan nan
1.318256738556140625e+12 2.624890331367036866e-01 1.337545976350048571e+00 -2.088955204067250548e+00 8.777091815733393796e-07 5.778758438771254420e-21 7.617887252398369238e-09 1.754083362748185619e-08 nan nan nan nan
1.380384264602604248e+12 2.606565264272489024e-01 1.344551729035842857e+00 -2.085510666166439542e+00 7.186808704549251501e-07 4.331705245984700913e-21 5.979417760453834262e-09 1.376811820000484155e-08 nan nan nan nan
1.445439770745632324e+12 2.588300375953984100e-01 1.351583658193188819e+00 -2.082139290846940938e+00 5.863143468706906332e-07 3.234830045486571738e-21 4.675751999349193656e-09 1.076631685223855870e-08 nan nan nan nan
1.513561248435897705e+12 2.570097225885827896e-01 1.358641363718514850e+00 -2.078771677470404367e+00 4.765481861538847634e-07 2.406679562418311473e-21 3.642656923079019608e-09 8.387527529973310030e-09 nan nan nan nan
1.584893192460786865e+12 2.551954810890926240e-01 1.365725434999420562e+00 -2.075271323865917061e+00 3.858553622114450987e-07 1.783951458236011034e-21 2.827372521838747627e-09 6.510265821126883130e-09 nan nan nan nan
1.659586907437216797e+12 2.533872600330007163e-01 1.372836288471846800e+00 -2.071819684915202409e+00 3.112034085826380798e-07 1.317106418817599847e-21 2.185852568371208093e-09 5.033111539414292059e-09 nan nan nan nan
1.737800828749013916e+12 2.515852389780413589e-01 1.379973424485660294e+00 -2.068406694852531036e+00 2.499989123895409887e-07 9.685201165675584024e-22 1.683095061231194469e-09 3.875469598082849217e-09 nan nan nan nan
1.819700858609603027e+12 2.497893930227453596e-01 1.387137144070712091e+00 -2.064870472135392987e+00 2.000167901822999293e-07 7.093856380116884709e-22 1.290869654575190564e-09 2.972337223623207129e-09 nan nan nan nan
1.905460717962846924e+12 2.479995898451156366e-01 1.394328186668862601e+00 -2.061331822513865486e+00 1.593612927390522811e-07 5.174151089801511388e-22 9.859141650421434091e-10 2.270151259397711072e-09 nan nan nan nan
1.995262314968458496e+12 2.462159973080537134e-01 1.401546090461887051e+00 -2.057856871990237035e+00 1.264317694145338076e-07 3.757658151728571194e-22 7.497513702678048140e-10 1.726366328630506640e-09 nan nan nan nan
2.089296130853596436e+12 2.444386683474054356e-01 1.408790846739016889e+00 -2.054297275023605707e+00 9.987311067938388402e-08 2.717361291792287665e-22 5.677372433072957239e-10 1.307263313176912825e-09 nan nan nan nan
2.187761623949086426e+12 2.426674329232169636e-01 1.416063361807926801e+00 -2.050671015275564724e+00 7.854306645708280624e-08 1.956450035597472454e-22 4.280246307053974310e-10 9.855631340965296186e-10 nan nan nan nan
2.290867652767282715e+12 2.409024089941026736e-01 1.423363369435791226e+00 -2.047124779292031072e+00 6.148901008365006098e-08 1.402095844721718924e-22 3.212016016752404844e-10 7.395940198632201501e-10 nan nan nan nan
2.398832919018974609e+12 2.391437142429614915e-01 1.430690592943836936e+00 -2.043543500884594799e+00 4.791598761661188417e-08 1.000206871900906262e-22 2.399329170144888594e-10 5.524659580361394814e-10 nan nan nan nan
2.511886431509037598e+12 2.373911938943452926e-01 1.438045891452674807e+00 -2.039837226284784144e+00 3.716222735891541652e-08 7.102165159621372007e-23 1.783983229878914140e-10 4.107773191270557812e-10 nan nan nan nan
2.630267991894811523e+12 2.356448804832920740e-01 1.445429350935205193e+00 -2.036213615724196568e+00 2.868247012507635843e-08 5.018125331983055411e-23 1.319901444003155635e-10 3.039185389182981679e-10 nan nan nan nan
2.754228703337566406e+12 2.339049384363058592e-01 1.452840492163389507e+00 -2.032600132875971966e+00 2.202864481186675377e-08 3.528076320402438411e-23 9.717129069217980625e-11 2.237451654148042942e-10 nan nan nan nan
2.884031503125974609e+12 2.321712713883810619e-01 1.460279940936987764e+00 -2.028836584004904964e+00 1.683295111335454169e-08 2.468293182442260229e-23 7.118635297114546840e-11 1.639126351759719560e-10 nan nan nan nan
3.019951720401352051e+12 2.304438128741957137e-01 1.467748208194278092e+00 -2.025123838919382191e+00 1.279614108861143312e-08 1.717800156630877732e-23 5.187673538323131254e-11 1.194505975666251955e-10 nan nan nan nan
3.162277660167680664e+12 2.287227481753320024e-01 1.475244715583235333e+00 -2.021460078550151529e+00 9.676209320188319554e-09 1.189126261253091023e-23 3.760347411079367005e-11 8.658519893230104025e-11 nan nan nan nan
3.311311214825176270e+12 2.270080601354822758e-01 1.482769754926332562e+00 -2.017661109064510239e+00 7.277550108166048179e-09 8.188242762947337951e-24 2.711382009065860626e-11 6.243187795487297710e-11 nan nan nan nan
3.467368504524543945e+12 2.252996039239793802e-01 1.490324189539361077e+00 -2.013852953573604498e+00 5.443196945946757345e-09 5.607120560106928982e-24 1.944195323118678613e-11 4.476675168881811415e-11 nan nan nan nan
3.630780547700200684e+12 2.235975484138129077e-01 1.497907501921349249e+00 -2.010120567016837612e+00 4.048260717765337805e-09 3.817639739020338258e-24 1.386101210256231526e-11 3.191615984117004356e-11 nan nan nan nan
3.801893963204757324e+12 2.219019558920720392e-01 1.505519634787382488e+00 -2.006299494618986046e+00 2.993480969035752526e-09 2.584497876457033324e-24 9.825986874417508976e-12 2.262517090098891495e-11 nan nan nan nan
3.981071705534073730e+12 2.202126483426485593e-01 1.513161616095008322e+00 -2.002395340471097462e+00 2.200421241122225059e-09 1.739436043742209940e-24 6.924819617328241270e-12 1.594498642253274061e-11 nan nan nan nan
4.168693834702408691e+12 2.185297385706520823e-01 1.520833170409527035e+00 -1.998584967392784018e+00 1.607700212857439638e-09 1.163491843907330872e-24 4.850241276423027797e-12 1.116809326051607777e-11 nan nan nan nan
4.365158322400665527e+12 2.168533537542250145e-01 1.528533943041130216e+00 -1.994742494510288067e+00 1.167409554835420410e-09 7.734722469861620594e-25 3.376328816077588597e-12 7.774284400946490899e-12 nan nan nan nan
4.570881896147705078e+12 2.151833375713293472e-01 1.536264881334703958e+00 -1.990753148532223848e+00 8.423340344720439192e-10 5.110059058239400694e-25 2.335747643755206705e-12 5.378257705506706159e-12 nan nan nan nan
4.786300923225284180e+12 2.135197111729406905e-01 1.544026126580017255e+00 -1.986857534937184866e+00 6.038443427417284525e-10 3.353819520877204587e-25 1.605238946910554460e-12 3.696199269849703630e-12 nan nan nan nan
5.011872336271566406e+12 2.118626476491656252e-01 1.551817102727873099e+00 -1.982980207159408703e+00 4.300251619081931359e-10 2.186590417933422053e-25 1.095891202639700118e-12 2.523382746741490876e-12 nan nan nan nan
5.248074602496509766e+12 2.102120547770811865e-01 1.559638473101468970e+00 -1.978932807604354416e+00 3.041688885680983641e-10 1.416163121230402128e-25 7.432129709521459529e-13 1.711311107834228121e-12 nan nan nan nan
5.495408738574966797e+12 2.085678516707153707e-01 1.567490863006090418e+00 -1.974938088615181275e+00 2.136534979676994727e-10 9.107606777642869344e-26 5.005002187336321465e-13 1.152444342696320703e-12 nan nan nan nan
5.754399373370224609e+12 2.069302291842093355e-01 1.575373599614387388e+00 -1.971005173109699360e+00 1.490134072813509773e-10 5.815441671632023356e-26 3.346437391111040437e-13 7.705456851410167214e-13 nan nan nan nan
6.025595860742164062e+12 2.052991781768030988e-01 1.583286958000803990e+00 -1.966923753354640425e+00 1.031778735549955324e-10 3.686914925716543188e-26 2.221585931530610574e-13 5.115390648747675056e-13 nan nan nan nan
6.309573444800446289e+12 2.036745405504736262e-01 1.591231948585331457e+00 -1.962824348795604745e+00 7.090914097969016240e-11 2.320057264230399550e-26 1.463857170480450145e-13 3.370655699020728257e-13 nan nan nan nan
6.606934480074397461e+12 2.020564856786915831e-01 1.599207988597962871e+00 -1.958815620620618869e+00 4.836277403759541075e-11 1.448715193872585522e-26 9.571566366204450924e-14 2.203934603142555689e-13 nan nan nan nan
6.918309709187721680e+12 2.004450854427341500e-01 1.607214957815863432e+00 -1.954714322687512551e+00 3.272966268536659542e-11 8.976782373770552756e-27 6.210416065372201818e-14 1.430001145341676716e-13 nan nan nan nan
7.244359600748172852e+12 1.988401535400942111e-01 1.615254025576853492e+00 -1.950509761837847078e+00 2.197311171328105928e-11 5.518412166941867536e-27 3.997736216247084375e-14 9.205127817252957864e-14 nan nan nan nan
7.585775750290020508e+12 1.972417966047670390e-01 1.623324908943466260e+00 -1.946415801439575599e+00 1.463147622525056183e-11 3.364353036732995205e-27 2.552122768146374520e-14 5.876479841424541528e-14 nan nan nan nan
7.943282347240904297e+12 1.956501516184720457e-01 1.631427155378548211e+00 -1.942294091980446336e+00 9.661851326508052473e-12 2.034086643573992489e-27 1.615732452865979592e-14 3.720361460235909272e-14 nan nan nan nan
8.317637711024701172e+12 1.940650607348780310e-01 1.639561811528177593e+00 -1.937999394467799785e+00 6.325599912110061058e-12 1.219468682672727863e-27 1.014309870241229614e-14 2.335534786894180379e-14 nan nan nan nan
8.709635899558694336e+12 1.924865324291133994e-01 1.647729089108914691e+00 -1.933811408719338765e+00 4.105078798446807878e-12 7.246022804915875108e-28 6.311022035071629531e-15 1.453166525951288055e-14 nan nan nan nan
9.120108393556876953e+12 1.909147486780799763e-01 1.655928292575328920e+00 -1.929652257474285149e+00 2.640266852393019998e-12 4.266943460654586017e-28 3.891498687034851389e-15 8.960506866172351341e-15 nan nan nan nan
9.549925860212025391e+12 1.893496215737765220e-01 1.664160123190454810e+00 -1.925299715002970480e+00 1.682574208169505906e-12 2.490036762303971008e-28 2.377966646920531648e-15 5.475470552836252066e-15 nan nan nan nan
9.999999999997544922e+12 1.877910546428175620e-01 1.672425345702295285e+00 -1.921001459352869922e+00 1.062158427670171217e-12 1.439309938239035111e-28 1.439309938238681782e-15 3.314133607986569620e-15 nan nan nan nan
1.047128548050641602e+13 1.862392441460337666e-01 1.680723172941534171e+00 -1.916780979864347589e+00 6.640740023185003217e-13 8.239045914791453400e-29 8.627340186078145124e-16 1.986518490465201589e-15 nan nan nan nan
1.096478196142913867e+13 1.846941892374736049e-01 1.689053852816104540e+00 -1.912397221873755493e+00 4.111042635324859642e-13 4.670533125062635723e-29 5.121137735994405359e-16 1.179185541006999634e-15 nan nan nan nan
1.148153621496597656e+13 1.831557176753456084e-01 1.697418571705996637e+00 -1.907983983108475279e+00 2.519213910210307380e-13 2.620826198807490136e-29 3.009111091473981870e-16 6.928734342391033545e-16 nan nan nan nan
1.202264434617113086e+13 1.816239987558186386e-01 1.705816669807126651e+00 -1.903680010527526889e+00 1.527806704256745944e-13 1.455291228497223997e-29 1.749644886032459058e-16 4.028706232611606592e-16 nan nan nan nan
1.258925411793852148e+13 1.800991142382576682e-01 1.714247944978574800e+00 -1.899279923610018184e+00 9.167716158104214543e-14 7.996173593761241998e-30 1.006658613430099771e-16 2.317917117018203824e-16 nan nan nan nan
1.318256738556075781e+13 1.785808691177510066e-01 1.722713732079111715e+00 -1.894751604847421778e+00 5.441247895017767869e-14 4.346128598692284711e-30 5.729313311857379659e-17 1.319223142497515032e-16 nan nan nan nan
1.380384264602536523e+13 1.770693626891856609e-01 1.731213743573144948e+00 -1.890354575415801985e+00 3.193558989264981962e-14 2.335626191901756189e-30 3.224061643294728500e-17 7.423676278744329071e-17 nan nan nan nan
1.445439770745561523e+13 1.755647420908936218e-01 1.739747403300575312e+00 -1.885936004560569756e+00 1.853064663327761894e-14 1.240923133323677011e-30 1.793679649344239433e-17 4.130100022186833063e-17 nan nan nan nan
1.513561248435823438e+13 1.740668479074886366e-01 1.748315870170773945e+00 -1.881313066809752854e+00 1.062659932305450066e-14 6.516989760114192873e-31 9.863863157361914737e-18 2.271238426547472671e-17 nan nan nan nan
1.584893192460708984e+13 1.725756744593631431e-01 1.756919446190105205e+00 -1.876812091197171739e+00 6.020803207463343359e-15 3.381045532415488308e-31 5.358596047725000623e-18 1.233862337886839738e-17 nan nan nan nan
1.659586907437135352e+13 1.710914128358512754e-01 1.765557287327952807e+00 -1.872353678125660670e+00 3.369528516806622837e-15 1.732551733518868809e-31 2.875320173405427300e-18 6.620669368868392059e-18 nan nan nan nan
1.737800828748928516e+13 1.696139795866674627e-01 1.774230132213056255e+00 -1.867674445519577064e+00 1.862033944782705587e-15 8.768051055907966197e-32 1.523712639146978137e-18 3.508478008906447819e-18 nan nan nan nan
1.819700858609513672e+13 1.681432612867710397e-01 1.782938917205383111e+00 -1.863050727608668744e+00 1.015659166228474129e-15 4.379587906887879306e-32 7.969539874519716817e-19 1.835054371309073989e-18 nan nan nan nan
1.905460717962753516e+13 1.666794594128528373e-01 1.791682715696565564e+00 -1.858524740265091957e+00 5.466895477118041215e-16 2.158496959027932076e-32 4.112931165269783536e-19 9.470373989660833899e-19 nan nan nan nan
1.995262314968360547e+13 1.652225816875703968e-01 1.800461734212865483e+00 -1.853819009838136633e+00 2.902812123342100182e-16 1.049581813584622974e-32 2.094191039121545113e-19 4.822053068562980609e-19 nan nan nan nan
2.089296130853493750e+13 1.637724406867581972e-01 1.809277371494340203e+00 -1.849068726550446851e+00 1.519822643984926653e-16 5.032531121991705142e-33 1.051444780157706130e-19 2.421041076897536054e-19 nan nan nan nan
2.187761623948979297e+13 1.623292049466784071e-01 1.818128876431012841e+00 -1.844451039028837336e+00 7.843979452025905848e-17 2.378312761579987451e-33 5.203181389532815202e-20 1.198076790368230508e-19 nan nan nan nan
2.290867652767170312e+13 1.608929664271527005e-01 1.827015939878668283e+00 -1.839734332046564891e+00 3.989387630239625038e-17 1.107663502554688322e-33 2.537510488153321312e-20 5.842833823337881617e-20 nan nan nan nan
2.398832919018857031e+13 1.594635208988179620e-01 1.835940092013472080e+00 -1.834858271354027792e+00 1.998449387699900508e-17 5.081782552716251815e-34 1.219034727475142511e-20 2.806931191326322279e-20 nan nan nan nan
2.511886431508914453e+13 1.580409589802763970e-01 1.844901045498128944e+00 -1.830139079012712111e+00 9.856957071019807055e-18 2.295203863565228832e-34 5.765291442436336315e-21 1.327507413212004883e-20 nan nan nan nan
2.630267991894682031e+13 1.566254383798963146e-01 1.853898066855878657e+00 -1.825407010463543811e+00 4.785342052661585872e-18 1.020339167735938134e-34 2.683765453772297277e-21 6.179598326948493276e-21 nan nan nan nan
2.754228703337430859e+13 1.552167980034613870e-01 1.862932442531570754e+00 -1.820432623895694935e+00 2.285525308293929969e-18 4.463267893377891516e-35 1.229286054262577703e-21 2.830535743570481350e-21 nan nan nan nan
2.884031503125833203e+13 1.538150163371013734e-01 1.872004591194823542e+00 -1.815598145280873155e+00 1.073416182357453024e-18 1.919602843299459016e-35 5.536195073565562476e-22 1.274756024829913970e-21 nan nan nan nan
3.019951720401203906e+13 1.524202938432026588e-01 1.881113482894018585e+00 -1.810824198631635573e+00 4.955794044352999977e-19 8.115279462776568229e-36 2.450775217514865278e-22 5.643118482128969139e-22 nan nan nan nan
3.162277660167525781e+13 1.510325516836582560e-01 1.890259891336000475e+00 -1.805796945060538228e+00 2.248043722969168129e-19 3.371530548480908465e-36 1.066171573403354288e-22 2.454950771492570992e-22 nan nan nan nan
3.311311214825013672e+13 1.496516579106458578e-01 1.899444966157119330e+00 -1.800825791951059074e+00 1.001392152049861969e-19 1.375405099082710096e-36 4.554394329520087104e-23 1.048688049076956516e-22 nan nan nan nan
3.467368504524373438e+13 1.482778190265406082e-01 1.908667609288079658e+00 -1.795977504342724407e+00 4.378776019004160982e-20 5.507208255689920540e-37 1.909552045363584234e-23 4.396906073950479339e-23 nan nan nan nan
3.630780547700022656e+13 1.469110516331303684e-01 1.917927966275885909e+00 -1.790931057337313836e+00 1.878621882145148670e-20 2.163887159289883257e-37 7.856599405367568814e-24 1.809048867242525038e-23 nan nan nan nan
3.801893963204570312e+13 1.455511519306742496e-01 1.927227694492216203e+00 -1.785820200196296836e+00 7.902877314816749819e-21 8.337050088669519271e-38 3.169658040304677424e-24 7.298407353494271126e-24 nan nan nan nan
3.981071705533878125e+13 1.441982869110427501e-01 1.936565934153015478e+00 -1.780871468004005864e+00 3.258405240915413090e-21 3.147739316114083828e-38 1.253137592777833890e-24 2.885455940600683418e-24 nan nan nan nan
4.168693834702203906e+13 1.428525591288456464e-01 1.945942235668163711e+00 -1.775821856368473339e+00 1.316111886918220256e-21 1.164344780025346389e-38 4.853796905959355305e-25 1.117628040008263424e-24 nan nan nan nan
4.365158322400451562e+13 1.415137545078595516e-01 1.955358361620403995e+00 -1.770573780368955852e+00 5.204054094298699741e-22 4.216852795957083273e-39 1.840723007660967639e-25 4.238421357771308952e-25 nan nan nan nan
4.570881896147480469e+13 1.401819534660108391e-01 1.964814032595364246e+00 -1.765514411586855958e+00 2.013367461702262830e-22 1.494009081550941859e-39 6.828939063541124582e-26 1.572421328867451414e-25 nan nan nan nan
4.786300923225049219e+13 1.388573247917207487e-01 1.974308313349428134e+00 -1.760454086378403948e+00 7.617825476547290466e-23 5.176518903109472480e-40 2.477637720504478690e-26 5.704971681073360426e-26 nan nan nan nan
5.011872336271320312e+13 1.375397055711269634e-01 1.983842635770890261e+00 -1.755105281829453689e+00 2.816748561176181278e-23 1.753173401050507991e-40 8.786681269411746210e-27 2.023208130783748734e-26 nan nan nan nan
5.248074602496252344e+13 1.362290565773660589e-01 1.993417570447511000e+00 -1.749917476801030825e+00 1.017148805208451331e-23 5.797854927467619549e-41 3.042757519380056478e-27 7.006208105720059259e-27 nan nan nan nan
5.495408738574697656e+13 1.349255879552911097e-01 2.003031852841632432e+00 -1.744813909064133473e+00 3.585321810984164370e-24 1.871459481196688971e-41 1.028443478685675448e-27 2.368078623008576051e-27 nan nan nan nan
5.754399373369942188e+13 1.336292256663193512e-01 2.012686286815554837e+00 -1.739418223503886196e+00 1.232717218441558507e-24 5.893572822851736807e-42 3.391397175872815700e-28 7.808980581586851876e-28 nan nan nan nan
6.025595860741867969e+13 1.323398174454187837e-01 2.022382289835333413e+00 -1.734078127990480667e+00 4.130793731794846314e-25 1.808775139630281848e-42 1.089894799436902055e-28 2.509575518115146313e-28 nan nan nan nan
6.309573444800135938e+13 1.310575746418037590e-01 2.032118551250825966e+00 -1.728892908765709890e+00 1.348357524782034361e-25 5.406688789899269085e-43 3.411390001304701021e-29 7.855015763393143400e-29 nan nan nan nan
6.606934480074072656e+13 1.297825231091536968e-01 2.041895128545259119e+00 -1.723488830149149775e+00 4.284212716666428305e-26 1.573402416462644452e-43 1.039536667635891204e-29 2.393621634519109074e-29 nan nan nan nan
6.918309709187382031e+13 1.285144413178356260e-01 2.051713997165061976e+00 -1.717993955042694143e+00 1.323776269442336080e-26 4.452960389523770937e-44 3.080695909746913279e-30 7.093564477830973480e-30 nan nan nan nan
7.244359600747817188e+13 1.272534938285058148e-01 2.061574167515805911e+00 -1.712699033485270750e+00 3.975210888520152003e-27 1.224572313333265311e-44 8.871242194905804700e-31 2.042679003432988612e-30 nan nan nan nan
7.585775750289648438e+13 1.259997942975497054e-01 2.071475004591121216e+00 -1.707302934721218524e+00 1.159330783647169863e-27 3.270757140363650950e-45 2.481123020045730043e-31 5.712996879841665494e-31 nan nan nan nan
7.943282347240514062e+13 1.247531180872742257e-01 2.081418549975301957e+00 -1.701658795623635534e+00 3.280194686543789674e-28 8.476813503227702994e-46 6.733372306103863129e-32 1.550416269761369670e-31 nan nan nan nan
8.317637711024293750e+13 1.235135336782343662e-01 2.091404544478896455e+00 -1.696243230882609865e+00 8.996877319053743026e-29 2.129278859827300524e-46 1.771057014178636644e-32 4.078009479690273082e-32 nan nan nan nan
8.709635899558267188e+13 1.222812215721309215e-01 2.101431792050857172e+00 -1.690843081491516520e+00 2.390471365342871067e-29 5.181069505150970645e-47 4.512522896016947811e-33 1.039046795216294502e-32 nan nan nan nan
9.120108393556429688e+13 1.210560168451810248e-01 2.111501891379556906e+00 -1.685097777345753611e+00 6.146158652137038852e-30 1.220229144278856121e-47 1.112862206079977452e-33 2.562459926276223892e-33 nan nan nan nan
9.549925860211556250e+13 1.198378604176204842e-01 2.121615613030646053e+00 -1.679538182902023058e+00 1.527609684430204599e-30 2.777681318720615355e-48 2.652665065707654174e-34 6.107987037004515695e-34 nan nan nan nan
9.999999999997054688e+13 1.186269724663316094e-01 2.131771394444601953e+00 -1.674094231055406778e+00 3.667731386051419894e-31 6.107371658650947645e-49 6.107371658649148477e-35 1.406274293857984989e-34 nan nan nan nan
1.047128548050590156e+14 1.174232839779541931e-01 2.141970060946742471e+00 -1.668311419573540455e+00 8.497527538133526524e-32 1.296102725147861121e-49 1.357186164708492951e-35 3.125036631275537816e-35 nan nan nan nan
1.096478196142860000e+14 1.162266202877035304e-01 2.152213370545867477e+00 -1.662581810994684162e+00 1.897380121329577807e-32 2.650731499937702957e-50 2.906469293510750225e-36 6.692392868482790163e-36 nan nan nan nan
1.148153621496541250e+14 1.150371973995689689e-01 2.162499747270961947e+00 -1.657048200700832474e+00 4.079770288999100933e-33 5.219637033398836247e-51 5.992945162794336481e-37 1.379926619498101458e-36 nan nan nan nan
1.202264434617054062e+14 1.138550508749889695e-01 2.172829123161426512e+00 -1.651272362140935090e+00 8.438854182120044403e-34 9.888989304832167630e-52 1.188918013550814052e-37 2.737584894794197588e-37 nan nan nan nan
1.258925411793790312e+14 1.126799399096954923e-01 2.183203869256895135e+00 -1.645370286367897839e+00 1.676734107167436312e-34 1.799819544867290132e-52 2.265838561676565554e-38 5.217286095247529986e-38 nan nan nan nan
1.318256738556011094e+14 1.115120256140260113e-01 2.193622840857092804e+00 -1.639717178658316454e+00 3.197140340138256800e-35 3.142932698207416274e-53 4.143192208239952221e-39 9.540052616102396443e-39 nan nan nan nan
1.380384264602468906e+14 1.103514334147915193e-01 2.204085156651101940e+00 -1.633964922590594782e+00 5.844299682037287300e-36 5.261850398555295098e-54 7.263375492857959043e-40 1.672454013467301643e-39 nan nan nan nan
1.445439770745490625e+14 1.091979273246377752e-01 2.214593196395075125e+00 -1.627901078332793627e+00 1.022551830901032476e-36 8.433637329670208910e-55 1.219031480834911906e-40 2.806923715660925205e-40 nan nan nan nan
1.513561248435749062e+14 1.080515619335651045e-01 2.225146740478332053e+00 -1.622116027328067256e+00 1.710375952334117957e-37 1.291958006851511837e-55 1.955457573776736211e-41 4.502607459360617469e-41 nan nan nan nan
1.584893192460631250e+14 1.069125302605069966e-01 2.235744253035342410e+00 -1.616369095321756433e+00 2.732165007704916101e-38 1.890041525874130153e-56 2.995513947825812700e-42 6.897425762119460397e-42 nan nan nan nan
1.659586907437054062e+14 1.057806651926168351e-01 2.246387524910522515e+00 -1.610206537998099208e+00 4.161226931968134774e-39 2.637034626137925637e-57 4.376388139996668365e-43 1.007700609231226768e-42 nan nan nan nan
1.737800828748843125e+14 1.046558854198462868e-01 2.257077592590298387e+00 -1.604258680866465614e+00 6.033301844544471662e-40 3.501903355783908303e-58 6.085610553879630997e-44 1.401263614313047822e-43 nan nan nan nan
1.819700858609424375e+14 1.035384216240964189e-01 2.267812511741858383e+00 -1.598468334118380962e+00 8.318470511193089062e-41 4.421713132549521898e-59 8.046195183824932638e-45 1.852704908559577699e-44 nan nan nan nan
1.905460717962660000e+14 1.024282101865719580e-01 2.278593114213918192e+00 -1.592282410498725653e+00 1.088896212030921685e-41 5.302078967492115213e-60 1.010290319609224543e-45 2.326279429528390548e-45 nan nan nan nan
1.995262314968262500e+14 1.013250517290757852e-01 2.289421595941610654e+00 -1.586144212245995888e+00 1.350649093609367632e-42 6.024095012524801852e-61 1.201964976027900035e-46 2.767626636102788503e-46 nan nan nan nan
2.089296130853391250e+14 1.002291667760132760e-01 2.300296047099608110e+00 -1.580255437608562907e+00 1.585579483275076816e-43 6.476530261497642372e-62 1.353138961670192682e-47 3.115717601891227264e-47 nan nan nan nan
2.187761623948871875e+14 9.914060121985608653e-02 2.311216222056109437e+00 -1.574098039109306679e+00 1.758914621124809351e-44 6.580798493995150554e-63 1.439721840010312196e-48 3.315082046865703464e-48 nan nan nan nan
2.290867652767057812e+14 9.805909326670221582e-02 2.322184989521133947e+00 -1.567766321607972468e+00 1.839639562291334514e-45 6.305082738332460445e-64 1.444411009326577647e-49 3.325879258231861652e-49 nan nan nan nan
2.398832919018739375e+14 9.698479940955304079e-02 2.333201019876607329e+00 -1.561747552101363068e+00 1.811397256192821505e-46 5.685818535197666278e-65 1.363932867379907055e-50 3.140571488273599149e-50 nan nan nan nan
2.511886431508790938e+14 9.591785770900176922e-02 2.344263102655306241e+00 -1.555635171569669239e+00 1.676580812494323413e-47 4.819983632934507539e-66 1.210725148766263789e-51 2.787797679262197434e-51 nan nan nan nan
2.630267991894553125e+14 9.485801995773007755e-02 2.355374032061430256e+00 -1.549128738914335557e+00 1.455124887846781936e-48 3.832421911450000530e-67 1.008029668512227796e-52 2.321074088011985156e-52 nan nan nan nan
2.754228703337295938e+14 9.380532462418524065e-02 2.366533658864809819e+00 -1.542964625401323620e+00 1.181998679720572103e-49 2.851223453947330505e-68 7.852921476490242004e-54 1.808201992821922376e-53 nan nan nan nan
2.884031503125691250e+14 9.275997824991724650e-02 2.377740001071793063e+00 -1.536870369205333819e+00 8.972422653029326636e-51 1.982150819023723492e-69 5.716585406010809310e-55 1.316292433870780633e-54 nan nan nan nan
3.019951720401055625e+14 9.172181139792287552e-02 2.388995071973285089e+00 -1.530271667160825633e+00 6.348784275359682426e-52 1.284907323342881454e-70 3.880358081685250193e-56 8.934854674367429650e-56 nan nan nan nan
3.162277660167370625e+14 9.069071784341976861e-02 2.400300266200367183e+00 -1.523921678387774925e+00 4.177239420812683483e-53 7.743600466750674739e-72 2.448741476526728409e-57 5.638435620446673855e-57 nan nan nan nan
3.311311214824851250e+14 8.966693936178903035e-02 2.411653146843489193e+00 -1.517785218883024978e+00 2.551563805677879958e-54 4.331733605314654816e-73 1.434371806691210188e-58 3.302763139898117932e-58 nan nan nan nan
3.467368504524203125e+14 8.865041823546192246e-02 2.423054528644939420e+00 -1.511183743765079912e+00 1.443359960443448740e-55 2.244708355964264957e-74 7.783231055312796316e-60 1.792155180329156205e-59 nan nan nan nan
3.630780547699844375e+14 8.764092774985934864e-02 2.434507178392835147e+00 -1.504619327380846583e+00 7.538160292236388013e-57 1.073893710399606853e-75 3.899072394016102549e-61 8.977945970966085079e-61 nan nan nan nan
3.801893963204384375e+14 8.663869284866448917e-02 2.446008763560826083e+00 -1.498374446993838482e+00 3.628089492266828700e-58 4.733515554471952491e-77 1.799632421128097151e-62 4.143806785758339147e-62 nan nan nan nan
3.981071705533683125e+14 8.564377059305336437e-02 2.457558787819632329e+00 -1.491831202919713828e+00 1.605400948272794999e-59 1.918569932377342845e-78 7.637964472875111144e-64 1.758706313606035534e-63 nan nan nan nan
4.168693834701999375e+14 8.465587632795151807e-02 2.469160753698961930e+00 -1.485047646700788482e+00 6.507839023981966872e-61 7.124919196489205130e-80 2.970160672715447331e-65 6.839047688791756361e-65 nan nan nan nan
4.365158322400236875e+14 8.367516063418234395e-02 2.480813112147332244e+00 -1.478661137739175624e+00 2.411253813059937703e-62 2.417759254314512319e-81 1.055390193053118403e-66 2.430125725816218614e-66 nan nan nan nan
4.570881896147256250e+14 8.270177536681667940e-02 2.492514209627696431e+00 -1.472191986543692543e+00 8.147009686931232740e-64 7.481887673440187434e-83 3.419882491553506949e-68 7.874570444842441699e-68 nan nan nan nan
4.786300923224814375e+14 8.173545921514635548e-02 2.504267353953201436e+00 -1.465220419086979753e+00 2.500528979288852255e-65 2.103885362894281375e-84 1.006982845478007195e-69 2.318663688898385984e-69 nan nan nan nan
5.011872336271074375e+14 8.077623201899288008e-02 2.516072514908872737e+00 -1.458672034742466650e+00 6.950808868852206016e-67 5.356419374328080321e-86 2.684569008366132083e-71 6.181448579777663441e-71 nan nan nan nan
5.248074602495995000e+14 7.982431512088764003e-02 2.527927120175220921e+00 -1.452237873817980418e+00 1.745833147626896115e-68 1.232114639725508207e-87 6.466229548106942626e-73 1.488904376534867205e-72 nan nan nan nan
5.495408738574427500e+14 7.887953674324027498e-02 2.539833441635526601e+00 -1.445185911258553002e+00 3.946735401120651745e-70 2.551882337287212705e-89 1.402363649614188292e-74 3.229061634558355493e-74 nan nan nan nan
5.754399373369660000e+14 7.794176273967635959e-02 2.551793362703302925e+00 -1.438422418843265493e+00 7.998769048203992002e-72 4.737300022306992087e-91 2.726031627982743087e-76 6.276919789623354775e-76 nan nan nan nan
6.025595860741572500e+14 7.701124675286959154e-02 2.563803806068849500e+00 -1.431947808421688784e+00 1.449746714780216790e-73 7.863154600312904054e-93 4.738019181201648819e-78 1.090969233695477116e-77 nan nan nan nan
6.309573444799826250e+14 7.608793770054934902e-02 2.575865532583939022e+00 -1.424922392729947918e+00 2.340955918823908300e-75 1.163159736889031142e-94 7.339041787935383055e-80 1.689876821776038260e-79 nan nan nan nan
6.606934480073748750e+14 7.517157861328149782e-02 2.587982063437487046e+00 -1.417914791783942530e+00 3.351084883655051845e-77 1.525314737241961502e-96 1.007765453044854569e-81 2.320465709415473457e-81 nan nan nan nan
6.918309709187042500e+14 7.426239882074979481e-02 2.600150527755340502e+00 -1.411319758604784758e+00 4.240606113471370071e-79 1.767700142013153219e-98 1.222949705542091204e-83 2.815945761462677239e-83 nan nan nan nan
7.244359600747461250e+14 7.336046767780210476e-02 2.612370075947894943e+00 -1.404392969449564710e+00 4.726485240613275580e-81 1.804714113915466930e-100 1.307399801774796036e-85 3.010399294150015998e-85 nan nan nan nan
7.585775750289276250e+14 7.246547563393047897e-02 2.624645028692539128e+00 -1.397134019559440832e+00 4.613500654294563249e-83 1.613882697316326151e-102 1.224255222911363471e-87 2.818951826295808085e-87 nan nan nan nan
7.943282347240125000e+14 7.157756588903703421e-02 2.636973579684358526e+00 -1.390383450988078362e+00 3.929406339599594518e-85 1.258906678591497719e-104 9.999851196878541917e-90 2.302550829809119906e-89 nan nan nan nan
8.317637711023885000e+14 7.069690559875271840e-02 2.649353475089047283e+00 -1.383569510319939688e+00 2.909989240710948686e-87 8.538716301944000308e-107 7.102194871678382205e-92 1.635340803906540361e-91 nan nan nan nan
8.709635899557840000e+14 6.982321949779497772e-02 2.661788666970536621e+00 -1.376108613659189128e+00 1.862305139179212949e-89 5.006704819185569559e-109 4.360657603166787930e-94 1.004078519270299174e-93 nan nan nan nan
9.120108393555981250e+14 6.895650597741548316e-02 2.674279321291200606e+00 -1.369174804506646304e+00 1.024908621812579412e-91 2.523694182060914403e-111 2.301636449258214253e-96 5.299713777553710937e-96 nan nan nan nan
9.549925860211087500e+14 6.809700281737089689e-02 2.686822078287555371e+00 -1.362417137242798670e+00 4.833463901039459640e-94 1.089948383680465200e-113 1.040892625560535118e-98 2.396743843023121420e-98 nan nan nan nan
9.999999999996563750e+14 6.724453607129625421e-02 2.699419511811451677e+00 -1.354895042482034295e+00 1.941238303363362500e-96 4.010667239666326461e-116 4.010667239664948053e-101 9.234902599012087443e-101 nan nan nan nan
1.047128548050538750e+15 6.639894031871251823e-02 2.712074181682630147e+00 -1.347707509698477857e+00 6.596723568747148310e-99 1.248416161198824707e-118 1.307252202238952645e-103 3.010059433659050149e-103 nan nan nan nan
1.096478196142806125e+15 6.556048211868485687e-02 2.724782171279294118e+00 -1.340910946807360782e+00 1.889583533935069218e-101 3.274763650362529718e-121 3.590706940143537485e-106 8.267908273684772831e-106 nan nan nan nan
1.148153621496485000e+15 6.472911811476672606e-02 2.737544130574891987e+00 -1.333456716428747857e+00 4.535192660303248314e-104 7.200398061150680375e-124 8.267163110126422472e-109 1.903584653872739326e-108 nan nan nan nan
1.202264434616995000e+15 6.390455791364607618e-02 2.750364591290378247e+00 -1.325986901698412490e+00 9.046700128273879979e-107 1.315810095737039738e-126 1.581951680814626094e-111 3.642578358080632740e-111 nan nan nan nan
1.258925411793728500e+15 6.308703534130997992e-02 2.763239992648051757e+00 -1.319054692543582652e+00 1.493139749223864552e-109 1.988832497372951893e-129 2.503791770743992829e-114 5.765193607276283427e-114 nan nan nan nan
1.318256738555946500e+15 6.227663364384745243e-02 2.776168985438543846e+00 -1.311753707640495037e+00 2.027505177410362551e-112 2.473671036151554425e-132 3.260933512377456939e-117 7.508576894845047870e-117 nan nan nan nan
1.380384264602401000e+15 6.147301634785309887e-02 2.789156959023865401e+00 -1.303991310904923928e+00 2.243818297696640333e-115 2.508187075747725008e-135 3.462261972041270195e-120 7.972152804862397093e-120 nan nan nan nan
1.445439770745419500e+15 6.067631779036004869e-02 2.802201808769557267e+00 -1.296886261659436546e+00 2.012006419158790222e-118 2.059762664016243284e-138 2.977262872865613167e-123 6.855401108984988650e-123 nan nan nan nan
1.513561248435674750e+15 5.988672257180509967e-02 2.815300458334007327e+00 -1.289749981060857476e+00 1.453833049826274195e-121 1.363070468744918223e-141 2.063090640379358941e-126 4.750441754033051795e-126 nan nan nan nan
1.584893192460553500e+15 5.910394092387848131e-02 2.828457674494122109e+00 -1.281771881971630389e+00 8.380670339537104671e-125 7.199523389297810612e-145 1.141047560865863087e-129 2.627359104046952447e-129 nan nan nan nan
1.659586907436972500e+15 5.832794680951493976e-02 2.841673938398685983e+00 -1.274455514901971842e+00 3.823064008304875636e-128 3.008028154553868406e-148 4.992084142499398105e-133 1.149469852949107775e-132 nan nan nan nan
1.737800828748758000e+15 5.755899674109784397e-02 2.854944826908167421e+00 -1.267402923984461527e+00 1.372627238142357145e-131 9.889955951726343371e-152 1.718677364919875151e-136 3.957400880130792736e-136 nan nan nan nan
1.819700858609335000e+15 5.679691526090085291e-02 2.868273263516763816e+00 -1.259393771742753243e+00 3.840168665572169546e-135 2.535099445603800489e-155 4.613122637825284623e-140 1.062210741800987224e-139 nan nan nan nan
1.905460717962566250e+15 5.604150211673023657e-02 2.881662753505497943e+00 -1.251772642115243972e+00 8.280832826189529389e-139 5.007443950896032642e-159 9.541487745831664142e-144 2.197008744853735236e-143 nan nan nan nan
1.995262314968164750e+15 5.529303832498366073e-02 2.895108267619365350e+00 -1.244682004234367811e+00 1.368292614128985878e-142 7.576680178386948795e-163 1.511746443250175122e-147 3.480924824614622684e-147 nan nan nan nan
2.089296130853288750e+15 5.455148991857115132e-02 2.908610254178317867e+00 -1.236799787719769839e+00 1.716017003057559091e-146 8.704972103137644108e-167 1.818726453427129695e-151 4.187772419895238412e-151 nan nan nan nan
2.187761623948764500e+15 5.381652976439325192e-02 2.922174614313058250e+00 -1.228846176233981069e+00 1.611210686851720972e-150 7.487774940671536581e-171 1.638146666396642541e-155 3.771972094182799737e-155 nan nan nan nan
2.290867652766945500e+15 5.308839652671821369e-02 2.935796895767552872e+00 -1.221600242315381557e+00 1.124528158464888008e-154 4.785682612854792153e-175 1.096336549419824032e-159 2.524408195598617138e-159 nan nan nan nan
2.398832919018621500e+15 5.236718953520230063e-02 2.949475037679722522e+00 -1.213945455596565193e+00 5.782221326971508744e-159 2.253894565457439249e-179 5.406716479616476535e-164 1.244942476801014466e-163 nan nan nan nan
2.511886431508668000e+15 5.165254334317451873e-02 2.963215842747426887e+00 -1.205645484389503697e+00 2.156001542152756252e-163 7.700190801589460169e-184 1.934200479454041881e-168 4.453661190852813388e-168 nan nan nan nan
2.630267991894424000e+15 5.094458175320085852e-02 2.977016869360893825e+00 -1.198204096544008390e+00 5.773471379470324224e-168 1.888368641736956089e-188 4.966915595257864139e-173 1.143674580780040632e-172 nan nan nan nan
2.754228703337160500e+15 5.024350949537249172e-02 2.990873904656568882e+00 -1.190782441474923514e+00 1.100958547949213255e-172 3.297660400717775387e-193 9.082510929515219184e-178 2.091325427325724099e-177 nan nan nan nan
2.884031503125550000e+15 4.954902187423410043e-02 3.004792758577889966e+00 -1.182253034403443870e+00 1.470177703663591478e-177 4.035036131123958476e-198 1.163717131841133354e-182 2.679557720239180253e-182 nan nan nan nan
3.019951720400907500e+15 4.886106496059926252e-02 3.018774417225539075e+00 -1.174560409137959782e+00 1.356066332447893915e-182 3.408729716110793094e-203 1.029419917055048685e-187 2.370326955442122177e-187 nan nan nan nan
3.162277660167215000e+15 4.817991674544248870e-02 3.032813009786890390e+00 -1.167256320999012331e+00 8.567762259273628479e-188 1.972029034724714046e-208 6.236103361711080181e-193 1.435915863904599033e-192 nan nan nan nan
3.311311214824688500e+15 4.750540123661663172e-02 3.046911864161500727e+00 -1.158740333867180450e+00 3.647214612591610966e-193 7.691667933120216061e-214 2.546950628764840419e-198 5.864570550385733401e-198 nan nan nan nan
3.467368504524033000e+15 4.683727927677572289e-02 3.061075827405578931e+00 -1.150673434407827100e+00 1.026635439533656487e-198 1.983234313567110010e-219 6.876604195953936779e-204 1.583396631202384305e-203 nan nan nan nan
3.630780547699666000e+15 4.617584823345499689e-02 3.075298383093604926e+00 -1.143328358616891638e+00 1.893506180988947432e-204 3.349237912916731178e-225 1.216034786383629500e-209 2.800023571689144226e-209 nan nan nan nan
3.801893963204197500e+15 4.552108568121780025e-02 3.089579638806616124e+00 -1.135022394497320120e+00 2.253223806584030411e-210 3.651086480329877479e-231 1.388104364870262275e-215 3.196228418070233706e-215 nan nan nan nan
3.981071705533487500e+15 4.487262411583983757e-02 3.103927378069123222e+00 -1.126553483750759810e+00 1.689393099015701454e-216 2.507934458070837321e-237 9.984266910358270561e-222 2.298962415226467197e-221 nan nan nan nan
4.168693834701795000e+15 4.423070750446740640e-02 3.118335991198468715e+00 -1.119025649833158997e+00 7.889531089398123311e-223 1.072452911872197908e-243 4.470727841729618716e-228 1.029423128320006383e-227 nan nan nan nan
4.365158322400023000e+15 4.359545408381097081e-02 3.132802398195806859e+00 -1.111047593762125363e+00 2.262566821925374970e-229 2.816868657269876180e-250 1.229607766238937805e-234 2.831276512771485653e-234 nan nan nan nan
4.570881896147032000e+15 4.296646740338048998e-02 3.147335295340828232e+00 -1.102160123854945217e+00 3.877216261068108825e-236 4.423069469205795646e-257 2.021732816219343297e-241 4.655211844643530909e-241 nan nan nan nan
4.786300923224579000e+15 4.234385889444625822e-02 3.161931876794409568e+00 -1.094405597468790514e+00 3.906138954002239037e-243 4.080584019450873043e-264 1.953090305959317872e-248 4.497156623773105552e-248 nan nan nan nan
5.011872336270829000e+15 4.172785688339823718e-02 3.176586342433681320e+00 -1.086750008217085117e+00 2.283202166063737485e-250 2.184038327095884250e-271 1.094612127292708149e-255 2.520437566914690844e-255 nan nan nan nan
5.248074602495737000e+15 4.111814169989255058e-02 3.191305850979657688e+00 -1.077620077905414808e+00 7.524598947183789418e-258 6.595788890855210548e-279 3.461519216152075916e-263 7.970442546224203893e-263 nan nan nan nan
5.495408738574158000e+15 4.051462772652521943e-02 3.206092191646151335e+00 -1.069555746639825777e+00 1.365213888245655425e-265 1.095978740561940933e-286 6.022851148175590579e-271 1.386812727111118862e-270 nan nan nan nan
5.754399373369378000e+15 3.991761796732354317e-02 3.220937499476434152e+00 -1.062059422636671524e+00 1.346225409387401942e-273 9.894694894094653610e-295 5.693802609825945688e-279 1.311046501183581617e-278 nan nan nan nan
6.025595860741277000e+15 3.932693754275773390e-02 3.235845561251325275e+00 -1.053008319035181994e+00 7.017783732545988850e-282 4.726158080182157248e-303 2.847791856515454771e-287 6.557283076762324550e-287 nan nan nan nan
6.309573444799517000e+15 3.874230395482042982e-02 3.250823150525422811e+00 -1.044473886674801122e+00 1.870767006519323129e-290 1.154057610070900951e-311 7.281611250272152349e-296 1.676652951785439569e-295 nan nan nan nan
6.606934480073424000e+15 3.816403344011564530e-02 3.265861739871465552e+00 -1.036926855286682603e+00 2.514219231964288650e-299 1.419944666147742568e-320 9.381481374567866768e-305 2.160165916328125947e-304 nan nan nan nan
6.918309709186703000e+15 3.759211805646426457e-02 3.280960876718787667e+00 -1.028203267253257724e+00 1.660915290651240898e-308 0.000000000000000000e+00 0.000000000000000000e+00 0.000000000000000000e+00 nan nan nan nan
7.244359600747106000e+15 3.702614614090340289e-02 3.296130963442349682e+00 -1.019168687405726637e+00 5.170317933225310485e-318 0.000000000000000000e+00 0.000000000000000000e+00 0.000000000000000000e+00 nan nan nan nan
7.585775750288904000e+15 3.646636771804791927e-02 3.311364875555714793e+00 -1.011399917545802829e+00 0.000000000000000000e+00 0.000000000000000000e+00 0.000000000000000000e+00 0.000000000000000000e+00 nan nan nan nan
7.943282347239735000e+15 3.591292362814459127e-02 3.326658058626717818e+00 -1.003141979190041777e+00 0.000000000000000000e+00 0.000000000000000000e+00 0.000000000000000000e+00 0.000000000000000000e+00 nan nan nan nan
8.317637711023477000e+15 3.536538451302754377e-02 3.342021775853516008e+00 -9.935907838987476648e-01 0.000000000000000000e+00 0.000000000000000000e+00 0.000000000000000000e+00 0.000000000000000000e+00 nan nan nan nan
8.709635899557412000e+15 3.482384733401933802e-02 3.357452858671817530e+00 -9.855507329650753379e-01 0.000000000000000000e+00 0.000000000000000000e+00 0.000000000000000000e+00 0.000000000000000000e+00 nan nan nan nan
9.120108393555534000e+15 3.428856828599964601e-02 3.372943266484865088e+00 -9.777303520935081149e-01 0.000000000000000000e+00 0.000000000000000000e+00 0.000000000000000000e+00 0.000000000000000000e+00 nan nan nan nan
9.549925860210618000e+15 3.375921292996017509e-02 3.388501923212162481e+00 -9.679248513834094458e-01 0.000000000000000000e+00 0.000000000000000000e+00 0.000000000000000000e+00 0.000000000000000000e+00 nan nan nan nan
9.999999999996074000e+15 3.323565942263474737e-02 3.404131900474812511e+00 -9.594834313195229614e-01 0.000000000000000000e+00 0.000000000000000000e+00 0.000000000000000000e+00 0.000000000000000000e+00 nan nan nan nan
1.047128548050487400e+16 3.271823973603502078e-02 3.419822566493184723e+00 -9.518697315230835176e-01 0.000000000000000000e+00 0.000000000000000000e+00 0.000000000000000000e+00 0.000000000000000000e+00 nan nan nan nan
1.096478196142752400e+16 3.220678198177472779e-02 3.435578228057158956e+00 -9.422327058652958387e-01 0.000000000000000000e+00 0.000000000000000000e+00 0.000000000000000000e+00 0.000000000000000000e+00 nan nan nan nan
1.148153621496428600e+16 3.170095474898142196e-02 3.451408480288050029e+00 -9.331794839070852721e-01 0.000000000000000000e+00 0.000000000000000000e+00 0.000000000000000000e+00 0.000000000000000000e+00 nan nan nan nan
1.202264434616936200e+16 3.120109548687390738e-02 3.467302073024324471e+00 -9.254831830370054968e-01 0.000000000000000000e+00 0.000000000000000000e+00 0.000000000000000000e+00 0.000000000000000000e+00 nan nan nan nan
1.258925411793666800e+16 3.070721354640321837e-02 3.483257683051647735e+00 -9.163282304750572926e-01 0.000000000000000000e+00 0.000000000000000000e+00 0.000000000000000000e+00 0.000000000000000000e+00 nan nan nan nan
1.318256738555881800e+16 3.021884788003065606e-02 3.499289447284196442e+00 -9.066169612486566498e-01 0.000000000000000000e+00 0.000000000000000000e+00 0.000000000000000000e+00 0.000000000000000000e+00 nan nan nan nan
1.380384264602333400e+16 2.973625409483821036e-02 3.515388300999541915e+00 -8.986231244138797036e-01 0.000000000000000000e+00 0.000000000000000000e+00 0.000000000000000000e+00 0.000000000000000000e+00 nan nan nan nan
1.445439770745348600e+16 2.925959864584303655e-02 3.531547600304363765e+00 -8.901005328820760232e-01 0.000000000000000000e+00 0.000000000000000000e+00 0.000000000000000000e+00 0.000000000000000000e+00 nan nan nan nan
1.513561248435600400e+16 2.878841565163333185e-02 3.547782207076446426e+00 -8.797105072394052483e-01 0.000000000000000000e+00 0.000000000000000000e+00 0.000000000000000000e+00 0.000000000000000000e+00 nan nan nan nan
1.584893192460475600e+16 2.832278306156849404e-02 3.564088743036949669e+00 -8.713459020038502034e-01 0.000000000000000000e+00 0.000000000000000000e+00 0.000000000000000000e+00 0.000000000000000000e+00 nan nan nan nan
1.659586907436891000e+16 2.786298787935033786e-02 3.580456070173103633e+00 -8.633709104432710779e-01 0.000000000000000000e+00 0.000000000000000000e+00 0.000000000000000000e+00 0.000000000000000000e+00 nan nan nan nan
1.737800828748672600e+16 2.740867901692581668e-02 3.596895563301028442e+00 -8.526746881101838760e-01 0.000000000000000000e+00 0.000000000000000000e+00 0.000000000000000000e+00 0.000000000000000000e+00 nan nan nan nan
1.819700858609245600e+16 2.695969051457528312e-02 3.613412472433620071e+00 -8.437141043807543372e-01 0.000000000000000000e+00 0.000000000000000000e+00 0.000000000000000000e+00 0.000000000000000000e+00 nan nan nan nan
1.905460717962472800e+16 2.651638526206045662e-02 3.629992425290061497e+00 -8.359418309386285051e-01 0.000000000000000000e+00 0.000000000000000000e+00 0.000000000000000000e+00 0.000000000000000000e+00 nan nan nan nan
1.995262314968066800e+16 2.607859428434672680e-02 3.646640443516429020e+00 -8.254797233345140262e-01 0.000000000000000000e+00 0.000000000000000000e+00 0.000000000000000000e+00 0.000000000000000000e+00 nan nan nan nan
2.089296130853186400e+16 2.564592855503853089e-02 3.663370450762143182e+00 -8.156385671932251391e-01 0.000000000000000000e+00 0.000000000000000000e+00 0.000000000000000000e+00 0.000000000000000000e+00 nan nan nan nan
2.187761623948657200e+16 2.521874800384353577e-02 3.680167592665581910e+00 -8.076613652282098599e-01 0.000000000000000000e+00 0.000000000000000000e+00 0.000000000000000000e+00 0.000000000000000000e+00 nan nan nan nan
2.290867652766833200e+16 2.479708279825163300e-02 3.697029261832802671e+00 -7.978489557408322552e-01 0.000000000000000000e+00 0.000000000000000000e+00 0.000000000000000000e+00 0.000000000000000000e+00 nan nan nan nan
2.398832919018503600e+16 2.438041907783268167e-02 3.713974965666055450e+00 -7.870877928938326829e-01 0.000000000000000000e+00 0.000000000000000000e+00 0.000000000000000000e+00 0.000000000000000000e+00 nan nan nan nan
2.511886431508544400e+16 2.396902338307283636e-02 3.730992974666966333e+00 -7.787198868328752965e-01 0.000000000000000000e+00 0.000000000000000000e+00 0.000000000000000000e+00 0.000000000000000000e+00 nan nan nan nan
2.630267991894294800e+16 2.356310284771537603e-02 3.748073229052270694e+00 -7.698609764719548387e-01 0.000000000000000000e+00 0.000000000000000000e+00 0.000000000000000000e+00 0.000000000000000000e+00 nan nan nan nan
2.754228703337025600e+16 2.316216984467459397e-02 3.765234941344902886e+00 -7.583932668611172989e-01 0.000000000000000000e+00 0.000000000000000000e+00 0.000000000000000000e+00 0.000000000000000000e+00 nan nan nan nan
2.884031503125408400e+16 2.276630611492483358e-02 3.782473638025048324e+00 -7.498558585213940253e-01 0.000000000000000000e+00 0.000000000000000000e+00 0.000000000000000000e+00 0.000000000000000000e+00 nan nan nan nan
3.019951720400759200e+16 2.237587332130509116e-02 3.799771984463131691e+00 -7.422410991384310597e-01 0.000000000000000000e+00 0.000000000000000000e+00 0.000000000000000000e+00 0.000000000000000000e+00 nan nan nan nan
3.162277660167060000e+16 2.199055596133195345e-02 3.817142192273400791e+00 -7.312235316512313288e-01 0.000000000000000000e+00 0.000000000000000000e+00 0.000000000000000000e+00 0.000000000000000000e+00 nan nan nan nan
3.311311214824526400e+16 2.161020363346565984e-02 3.834589685395029868e+00 -7.229124850601437169e-01 0.000000000000000000e+00 0.000000000000000000e+00 0.000000000000000000e+00 0.000000000000000000e+00 nan nan nan nan
3.467368504523862800e+16 2.123529562935766793e-02 3.852090593516886763e+00 -7.169262963087305041e-01 0.000000000000000000e+00 0.000000000000000000e+00 0.000000000000000000e+00 0.000000000000000000e+00 nan nan nan nan
3.630780547699488000e+16 2.086576097493829732e-02 3.869645694243114775e+00 -7.080226189189774422e-01 0.000000000000000000e+00 0.000000000000000000e+00 0.000000000000000000e+00 0.000000000000000000e+00 nan nan nan nan
3.801893963204011200e+16 2.050124466439598794e-02 3.887269679344486306e+00 -7.005143492198271371e-01 0.000000000000000000e+00 0.000000000000000000e+00 0.000000000000000000e+00 0.000000000000000000e+00 nan nan nan nan
3.981071705533292000e+16 2.014223252867709466e-02 3.904936547354690202e+00 -6.964113010210222221e-01 0.000000000000000000e+00 0.000000000000000000e+00 0.000000000000000000e+00 0.000000000000000000e+00 nan nan nan nan
4.168693834701590400e+16 1.978887381894889677e-02 3.922635427558459398e+00 -6.907747188675250616e-01 0.000000000000000000e+00 0.000000000000000000e+00 0.000000000000000000e+00 0.000000000000000000e+00 nan nan nan nan
4.365158322399808800e+16 1.944067524614248935e-02 3.940387745669213349e+00 -6.842768241923868899e-01 0.000000000000000000e+00 0.000000000000000000e+00 0.000000000000000000e+00 0.000000000000000000e+00 nan nan nan nan
4.570881896146807200e+16 1.909797113481373834e-02 3.958173172879829504e+00 -6.817440849475626674e-01 0.000000000000000000e+00 0.000000000000000000e+00 0.000000000000000000e+00 0.000000000000000000e+00 nan nan nan nan
4.786300923224344000e+16 1.876104267063357506e-02 3.975972757490459752e+00 -6.792175702698042272e-01 0.000000000000000000e+00 0.000000000000000000e+00 0.000000000000000000e+00 0.000000000000000000e+00 nan nan nan nan
5.011872336270582400e+16 1.842937081987291309e-02 3.993809646794007406e+00 -6.731176166609421641e-01 0.000000000000000000e+00 0.000000000000000000e+00 0.000000000000000000e+00 0.000000000000000000e+00 nan nan nan nan
5.248074602495480000e+16 1.810298899530869352e-02 4.011678216481754156e+00 -6.710829737227379521e-01 0.000000000000000000e+00 0.000000000000000000e+00 0.000000000000000000e+00 0.000000000000000000e+00 nan nan nan nan
5.495408738573888000e+16 1.778224876783462971e-02 4.029554579512942603e+00 -6.702776806900259121e-01 0.000000000000000000e+00 0.000000000000000000e+00 0.000000000000000000e+00 0.000000000000000000e+00 nan nan nan nan
5.754399373369095200e+16 1.746673613230077804e-02 4.047456999291037860e+00 -6.642322517158457673e-01 0.000000000000000000e+00 0.000000000000000000e+00 0.000000000000000000e+00 0.000000000000000000e+00 nan nan nan nan
6.025595860740980800e+16 1.715613007466314580e-02 4.065399730480333318e+00 -6.609682953967913610e-01 0.000000000000000000e+00 0.000000000000000000e+00 0.000000000000000000e+00 0.000000000000000000e+00 nan nan nan nan
6.309573444799207200e+16 1.685081276058376237e-02 4.083356388297557871e+00 -6.600593533278718006e-01 0.000000000000000000e+00 0.000000000000000000e+00 0.000000000000000000e+00 0.000000000000000000e+00 nan nan nan nan
6.606934480073100000e+16 1.655056580136396796e-02 4.101334990349847942e+00 -6.540185310283350706e-01 0.000000000000000000e+00 0.000000000000000000e+00 0.000000000000000000e+00 0.000000000000000000e+00 nan nan nan nan
6.918309709186363200e+16 1.625479212161793502e-02 4.119367513888914090e+00 -6.482123261875591957e-01 0.000000000000000000e+00 0.000000000000000000e+00 0.000000000000000000e+00 0.000000000000000000e+00 nan nan nan nan
7.244359600746750400e+16 1.596383084369228447e-02 4.137429687962269398e+00 -6.456804740632433592e-01 0.000000000000000000e+00 0.000000000000000000e+00 0.000000000000000000e+00 0.000000000000000000e+00 nan nan nan nan
7.585775750288531200e+16 1.567769082156255517e-02 4.155516543938023943e+00 -6.397874797040201678e-01 0.000000000000000000e+00 0.000000000000000000e+00 0.000000000000000000e+00 0.000000000000000000e+00 nan nan nan nan
7.943282347239345600e+16 1.539565743392445202e-02 4.173669794137846445e+00 -6.308309462354436681e-01 0.000000000000000000e+00 0.000000000000000000e+00 0.000000000000000000e+00 0.000000000000000000e+00 nan nan nan nan
8.317637711023068800e+16 1.511793153618311986e-02 4.191873720751647880e+00 -6.260694157093829038e-01 0.000000000000000000e+00 0.000000000000000000e+00 0.000000000000000000e+00 0.000000000000000000e+00 nan nan nan nan
8.709635899556984000e+16 1.484472364804329328e-02 4.210110786767019775e+00 -6.204117666431008260e-01 0.000000000000000000e+00 0.000000000000000000e+00 0.000000000000000000e+00 0.000000000000000000e+00 nan nan nan nan
9.120108393555086400e+16 1.457539161716630768e-02 4.228420678004229494e+00 -6.084846634959681921e-01 0.000000000000000000e+00 0.000000000000000000e+00 0.000000000000000000e+00 0.000000000000000000e+00 nan nan nan nan
9.549925860210150400e+16 1.430988220242271694e-02 4.246804917283947489e+00 -6.013685235074975877e-01 0.000000000000000000e+00 0.000000000000000000e+00 0.000000000000000000e+00 0.000000000000000000e+00 nan nan nan nan
