# [1] m:            [M_sun/h] 
# [2] sigma 
# [3] ln(1/sigma) 
# [4] n_eff 
# [5] f(sigma) 
# [6] dn/dm:        [h^4/(Mpc^3*M_sun)] 
# [7] dn/dlnm:      [h^3/Mpc^3] 
# [8] dn/dlog10m:   [h^3/Mpc^3] 
# [9] n(>m):        [h^3/Mpc^3] 
# [11] rho(>m):     [M_sun*h^2/Mpc^3] 
# [11] rho(<m):     [M_sun*h^2/Mpc^3] 
# [12] Lbox(N=1):   [Mpc/h]
1.000000000000000000e+08 1.490296951382484636e+00 -3.989753963303678819e-01 -2.515308955417428827e+00 3.158342833188191867e-01 1.922509228737598282e-07 1.922509228737598264e+01 4.426741091234674030e+01 nan nan nan nan
1.047128548050898463e+08 1.484756128565911437e+00 -3.952505355806202325e-01 -2.514074617330376960e+00 3.155842893159004348e-01 1.756423048674233031e-07 1.839200716721382278e+01 4.234916153346620149e+01 nan nan nan nan
1.096478196143182814e+08 1.479221789738196513e+00 -3.915161317409324160e-01 -2.512828306178043647e+00 3.153262408911335912e-01 1.604672195156499717e-07 1.759488073946320341e+01 4.051371010369602743e+01 nan nan nan nan
1.148153621496879309e+08 1.473694042212859046e+00 -3.877722024880920770e-01 -2.511591878762228447e+00 3.150600407439599349e-01 1.465954088629155772e-07 1.683140495807722203e+01 3.875574215061468664e+01 nan nan nan nan
1.202264434617408216e+08 1.468173005936665998e+00 -3.840187747038812383e-01 -2.510348212483964225e+00 3.147855918973865852e-01 1.339202827988526160e-07 1.610075930829659541e+01 3.707336836916886824e+01 nan nan nan nan
1.258925411794161052e+08 1.462658561857262951e+00 -3.802557126109689656e-01 -2.509084975125667416e+00 3.145027847169891144e-01 1.223418340900690148e-07 1.540192438614930737e+01 3.546424149496886713e+01 nan nan nan nan
1.318256738556399345e+08 1.457150742594182091e+00 -3.764829828045121451e-01 -2.507830941456313134e+00 3.142115159902644228e-01 1.117585022240451860e-07 1.473263986478179177e+01 3.392315693309637226e+01 nan nan nan nan
1.380384264602875412e+08 1.451649710438777996e+00 -3.727006410437606609e-01 -2.506576372009171827e+00 3.139116889209543904e-01 1.020872716649950285e-07 1.409196634225981271e+01 3.244795163066127230e+01 nan nan nan nan
1.445439770745916069e+08 1.446155393968957537e+00 -3.689085826714774696e-01 -2.505298897524887991e+00 3.136031935063902099e-01 9.325401137043757352e-08 1.347930568164223430e+01 3.103724832645935550e+01 nan nan nan nan
1.513561248436194658e+08 1.440667741735656815e+00 -3.651067156465168662e-01 -2.504025475483429908e+00 3.132859194953698800e-01 8.518132933695059568e-08 1.289271591746896028e+01 2.968657547977108280e+01 nan nan nan nan
1.584893192461097836e+08 1.435186932471563370e+00 -3.612951072583427958e-01 -2.502757449549318114e+00 3.129597692322365066e-01 7.780382811467285350e-08 1.233107575263583833e+01 2.839335120859961492e+01 nan nan nan nan
1.659586907437542677e+08 1.429712963685878746e+00 -3.574736994287284753e-01 -2.501468314014403838e+00 3.126246340918936717e-01 7.106571511808060919e-08 1.179397303776528183e+01 2.715662650393204203e+01 nan nan nan nan
1.737800828749355078e+08 1.424245716854089849e+00 -3.536423520746287408e-01 -2.500174582073259710e+00 3.122803971007322987e-01 6.490934523149955383e-08 1.127995139368779220e+01 2.597304792880292368e+01 nan nan nan nan
1.819700858609960079e+08 1.418785352413654222e+00 -3.498011199379410519e-01 -2.498890403617376688e+00 3.119269578284399880e-01 5.928294866523188234e-08 1.078772325870526494e+01 2.483965076283989504e+01 nan nan nan nan
1.905460717963221073e+08 1.413331941100066214e+00 -3.459499955045635677e-01 -2.497591125212562879e+00 3.115642100209574661e-01 5.414383748842052140e-08 1.031689554539697262e+01 2.375552988880774663e+01 nan nan nan nan
1.995262314968850315e+08 1.407885335075722111e+00 -3.420888162631365303e-01 -2.496277116387093820e+00 3.111920319024107928e-01 4.944977463564398721e-08 9.866527181420295278e+00 2.271851840755893193e+01 nan nan nan nan
2.089296130854006708e+08 1.402445640061568355e+00 -3.382175983491629845e-01 -2.494974818126038496e+00 3.108103177434104469e-01 4.515986432949508034e-08 9.435232981350594628e+00 2.172542681178364887e+01 nan nan nan nan
2.187761623949516118e+08 1.397012990133666754e+00 -3.343363788240532042e-01 -2.493665271822218976e+00 3.104189637761713416e-01 4.124108930906811852e-08 9.022567252025389450e+00 2.077522885504991379e+01 nan nan nan nan
2.290867652767732441e+08 1.391587254675498375e+00 -3.304450054979583551e-01 -2.492332652455933939e+00 3.100178465548027451e-01 3.766258231103830376e-08 8.627999153605983906e+00 1.986670223345838338e+01 nan nan nan nan
2.398832919019445777e+08 1.386168455182076320e+00 -3.265434339176677137e-01 -2.491010466691205849e+00 3.096068524599597249e-01 3.439248713501812473e-08 8.250183030643427173e+00 1.899674846083199498e+01 nan nan nan nan
2.511886431509530842e+08 1.380756770000266531e+00 -3.226317329196882744e-01 -2.489688727749388431e+00 3.091858795352583344e-01 3.140501322292881119e-08 7.888582659605227754e+00 1.816413283685832170e+01 nan nan nan nan
2.630267991895327568e+08 1.375352124570321743e+00 -3.187097889295327224e-01 -2.488340752665797684e+00 3.087548059686492374e-01 2.867733050149654221e-08 7.542906451108994048e+00 1.736818395217219191e+01 nan nan nan nan
2.754228703338106871e+08 1.369954448956337112e+00 -3.147774903502951194e-01 -2.486996708466756800e+00 3.083135089229813719e-01 2.618525895393609415e-08 7.212019181527196565e+00 1.660628785777164396e+01 nan nan nan nan
2.884031503126540780e+08 1.364563935859654187e+00 -3.108349166897385052e-01 -2.485659842540461462e+00 3.078618864547059131e-01 2.390840077144625146e-08 6.895258101422587771e+00 1.587691851668207832e+01 nan nan nan nan
3.019951720401945114e+08 1.359180588274802925e+00 -3.068820095452328700e-01 -2.484299448456251724e+00 3.073998209250147218e-01 2.182957967641182412e-08 6.592427669943122126e+00 1.517962567945250463e+01 nan nan nan nan
3.162277660168301463e+08 1.353804266445098436e+00 -3.029186045463336807e-01 -2.482932715939598634e+00 3.069271812583119763e-01 1.993088477325241140e-08 6.302699166584466717e+00 1.451250114660338930e+01 nan nan nan nan
3.311311214825826287e+08 1.348435138560489133e+00 -2.989447634868246939e-01 -2.481577724672686003e+00 3.064438624938269906e-01 1.819611818666667661e-08 6.025301021780554045e+00 1.387376831355369688e+01 nan nan nan nan
3.467368504525224566e+08 1.343073287862411647e+00 -2.949604863146042533e-01 -2.480206547840943188e+00 3.059497524407696623e-01 1.661212070270999313e-08 5.760034411794807241e+00 1.326296937173145096e+01 nan nan nan nan
3.630780547700913548e+08 1.337718548196935586e+00 -2.909655869606867507e-01 -2.478817359461825465e+00 3.054447151278723016e-01 1.516584889733913013e-08 5.506386916583026370e+00 1.267892443038152628e+01 nan nan nan nan
3.801893963205503821e+08 1.332371023351438089e+00 -2.869600793910843661e-01 -2.477442093342166807e+00 3.049286387879617255e-01 1.384448502427039454e-08 5.263526403746261906e+00 1.211971743384670219e+01 nan nan nan nan
3.981071705534855127e+08 1.327030864519799902e+00 -2.829440139490670969e-01 -2.476059821076940892e+00 3.044014166252554388e-01 1.263783092282163130e-08 5.031211110617864080e+00 1.158479170301471228e+01 nan nan nan nan
4.168693834703227282e+08 1.321697930288344480e+00 -2.789172208337719061e-01 -2.474650431816937779e+00 3.038629126820128201e-01 1.153639834523693551e-08 4.809171265646972948e+00 1.107352606593402911e+01 nan nan nan nan
4.365158322401522398e+08 1.316372229581419528e+00 -2.748796421348271291e-01 -2.473252861906702016e+00 3.033130047941668961e-01 1.053021851994676646e-08 4.596607100905226950e+00 1.058407898889495335e+01 nan nan nan nan
4.570881896148602366e+08 1.311053959186804452e+00 -2.708313627345659280e-01 -2.471857108462265362e+00 3.027515903225459493e-01 9.611297925295305392e-09 4.393210768522293641e+00 1.011574162598035009e+01 nan nan nan nan
4.786300923226223588e+08 1.305743043305625850e+00 -2.667722605817104409e-01 -2.470431405218440180e+00 3.021785381622898448e-01 8.772633894156530765e-09 4.198846570672706058e+00 9.668201521400144216e+00 nan nan nan nan
5.011872336272550821e+08 1.300439391823268620e+00 -2.627022010706911437e-01 -2.469009371830007016e+00 3.015937143664233488e-01 8.006695447486054051e-09 4.012853541821472803e+00 9.239936745766481607e+00 nan nan nan nan
5.248074602497540712e+08 1.295143212623068196e+00 -2.586212779351219071e-01 -2.467596720570812696e+00 3.009970175407155057e-01 7.307134171039049630e-09 3.834838526007195547e+00 8.830042024023427416e+00 nan nan nan nan
5.495408738576046228e+08 1.289854516716582022e+00 -2.545294342746096672e-01 -2.466158012431885371e+00 3.003883249211016793e-01 6.668681033466361165e-09 3.664712802608737885e+00 8.438313069391311316e+00 nan nan nan nan
5.754399373371354342e+08 1.284573142085548847e+00 -2.504264780140426083e-01 -2.464710797397805297e+00 2.997674928627961921e-01 6.085793141220128895e-09 3.502008423830479611e+00 8.063672392251637788e+00 nan nan nan nan
6.025595860743346214e+08 1.279299264522573143e+00 -2.463124784345454843e-01 -2.463277905994488926e+00 2.991344166694531737e-01 5.553413658283548452e-09 3.346262635234891203e+00 7.705054461134833055e+00 nan nan nan nan
6.309573444801684618e+08 1.274032982262019553e+00 -2.421874455605620702e-01 -2.461827884070452388e+00 2.984889834210524562e-01 5.067498939722499474e-09 3.197375674163377646e+00 7.362229564030380757e+00 nan nan nan nan
6.606934480075694323e+08 1.268774111176977026e+00 -2.380511675107206127e-01 -2.460355992890875143e+00 2.978310451795551095e-01 4.624039033904820346e-09 3.055072293032166098e+00 7.034563919955003186e+00 nan nan nan nan
6.918309709189080000e+08 1.263522751785270959e+00 -2.339036546371116021e-01 -2.458900513103595920e+00 2.971604885269111818e-01 4.219027471748315458e-09 2.918853872113182923e+00 6.720909414555764627e+00 nan nan nan nan
7.244359600749595165e+08 1.258279074295841626e+00 -2.297449733383005455e-01 -2.457438569341137580e+00 2.964772099918900339e-01 3.849323403373034862e-09 2.788588295361555058e+00 6.420961839397194559e+00 nan nan nan nan
7.585775750291509628e+08 1.253042928239557874e+00 -2.255749356938243078e-01 -2.455944964203221836e+00 2.957810646261241905e-01 3.512023148680542086e-09 2.664142003572329109e+00 6.134413663044934850e+00 nan nan nan nan
7.943282347242463827e+08 1.247814308212768175e+00 -2.213934673805038333e-01 -2.454464584827261042e+00 2.950719255757776605e-01 3.204018446250626224e-09 2.545042316434182439e+00 5.860176498860384164e+00 nan nan nan nan
8.317637711026334763e+08 1.242593430286955236e+00 -2.172006715635902419e-01 -2.452987765001009457e+00 2.943496967248329654e-01 2.922838373306063259e-09 2.431111067704537998e+00 5.597840103909307530e+00 nan nan nan nan
8.709635899560405016e+08 1.237380219966405681e+00 -2.129964188297267802e-01 -2.451477017196849406e+00 2.936142428444552532e-01 2.666343606057604127e-09 2.322288199188265345e+00 5.347266189086887778e+00 nan nan nan nan
9.120108393558667898e+08 1.232174565789374121e+00 -2.087805480846771922e-01 -2.449969425324384886e+00 2.928654224896545255e-01 2.432198958073391980e-09 2.218191813232978760e+00 5.107575402551689514e+00 nan nan nan nan
9.549925860213899612e+08 1.226976690401778258e+00 -2.045531683207601759e-01 -2.448473750658699988e+00 2.921031424433487289e-01 2.218434362870911204e-09 2.118588369116805925e+00 4.878229996918924449e+00 nan nan nan nan
9.999999999999508858e+08 1.221786615330348269e+00 -2.003142262957605946e-01 -2.446949531305767422e+00 2.913272817188802266e-01 2.023438871530672418e-09 2.023438871530573113e+00 4.659140182170991906e+00 nan nan nan nan
1.047128548050847054e+09 1.216604156494182742e+00 -1.960634993824248995e-01 -2.445414153204429120e+00 2.905376880898946079e-01 1.845505848870013887e-09 1.932481859946603597e+00 4.449703923194457289e+00 nan nan nan nan
1.096478196143129110e+09 1.211429495851794602e+00 -1.918010638334150253e-01 -2.443895943393265213e+00 2.897342647394701709e-01 1.683061903249775453e-09 1.845440679672535556e+00 4.249284199018780406e+00 nan nan nan nan
1.148153621496823072e+09 1.206262748316373701e+00 -1.875269421676459825e-01 -2.442359916843289902e+00 2.889169065025447569e-01 1.534868265766196846e-09 1.762264557860007130e+00 4.057764100840195454e+00 nan nan nan nan
1.202264434617349148e+09 1.201103713591302524e+00 -1.832408953987735567e-01 -2.440797613328138382e+00 2.880854586150611296e-01 1.399698577433670410e-09 1.682807818832999569e+00 3.874808198018689698e+00 nan nan nan nan
1.258925411794099331e+09 1.195952486969295903e+00 -1.789429281250160542e-01 -2.439254337778548276e+00 2.872398132495664336e-01 1.276305750155349896e-09 1.606773742089500745e+00 3.699733266349544358e+00 nan nan nan nan
1.318256738556334734e+09 1.190809258168406437e+00 -1.746331248759914190e-01 -2.437705471802494195e+00 2.863798800755807950e-01 1.163725437968744089e-09 1.534088900431718860e+00 3.532370233461703091e+00 nan nan nan nan
1.380384264602807522e+09 1.185673870552700127e+00 -1.703112800902935320e-01 -2.436120012282957603e+00 2.855055120795065848e-01 1.061073202252149272e-09 1.464688751980579129e+00 3.372570486186534655e+00 nan nan nan nan
1.445439770745845318e+09 1.180546302813196391e+00 -1.659772998264896215e-01 -2.434549062347124870e+00 2.846165845536682282e-01 9.673848880692956105e-10 1.398296590833877806e+00 3.219696885638481998e+00 nan nan nan nan
1.513561248436120510e+09 1.175426789505108038e+00 -1.616313067565813555e-01 -2.432983735514100854e+00 2.837130187064955678e-01 8.818992001006235003e-10 1.334808454299115654e+00 3.073510048871567868e+00 nan nan nan nan
1.584893192461020231e+09 1.170315260462303275e+00 -1.572731659002048477e-01 -2.431380393011945085e+00 2.827946841870666028e-01 8.039651803664852655e-10 1.274198941338538837e+00 2.933951487834914218e+00 nan nan nan nan
1.659586907437461376e+09 1.165211582567811988e+00 -1.529026864655219919e-01 -2.429779351426644585e+00 2.818614389356010053e-01 7.328629593291917228e-10 1.216249772248599426e+00 2.800518594937028372e+00 nan nan nan nan
1.737800828749269724e+09 1.160115991418560588e+00 -1.485199927215536120e-01 -2.428192969917126298e+00 2.809132092425375427e-01 6.679836296160449304e-10 1.160822505137708127e+00 2.672892595942090832e+00 nan nan nan nan
1.819700858609870911e+09 1.155028521241505901e+00 -1.441250373844615573e-01 -2.426575748233765761e+00 2.799498869455195327e-01 6.088362754583509003e-10 1.107899893204397079e+00 2.551033778622139980e+00 nan nan nan nan
1.905460717963127375e+09 1.149948967290389978e+00 -1.397175651212768099e-01 -2.424944198541264306e+00 2.789713189438884910e-01 5.548987064590683674e-10 1.057337687606306975e+00 2.434609997743077958e+00 nan nan nan nan
1.995262314968752384e+09 1.144877515380642530e+00 -1.352976578174458211e-01 -2.423332789424627265e+00 2.779774277241547908e-01 5.056837027739482153e-10 1.008971635438718373e+00 2.323243047015016050e+00 nan nan nan nan
2.089296130853904009e+09 1.139814297829846002e+00 -1.308653524968193538e-01 -2.421703223189869636e+00 2.769681287046681373e-01 4.608130143530602578e-10 9.627748479349733657e-01 2.216871012764678905e+00 nan nan nan nan
2.187761623949408531e+09 1.134759101074446663e+00 -1.264203826566631661e-01 -2.420042456173239209e+00 2.759432696956576336e-01 4.199138270182085908e-10 9.186713561161670150e-01 2.115318969953710493e+00 nan nan nan nan
2.290867652767620087e+09 1.129712012994686265e+00 -1.219627444860871823e-01 -2.418403340038780325e+00 2.749027596471763646e-01 3.826001807296822583e-10 8.764863779766743912e-01 2.018184468141435151e+00 nan nan nan nan
2.398832919019328117e+09 1.124673242109402560e+00 -1.174925420088803046e-01 -2.416759839018687739e+00 2.738465356957398011e-01 3.485770899247646794e-10 8.361781981274860609e-01 1.925371454094971124e+00 nan nan nan nan
2.511886431509407520e+09 1.119642629160528369e+00 -1.130095532831243699e-01 -2.415074525154801144e+00 2.727744604593683730e-01 3.175765374094539004e-10 7.977161952845470694e-01 1.836809419702125190e+00 nan nan nan nan
2.630267991895198822e+09 1.114620135721081873e+00 -1.085136614136648636e-01 -2.413404782306518115e+00 2.716864224100589698e-01 2.893014567474899152e-10 7.609403616915759727e-01 1.752129933488520308e+00 nan nan nan nan
2.754228703337971687e+09 1.109606012962545796e+00 -1.040050090399822630e-01 -2.411742983732529488e+00 2.705823755440254219e-01 2.635183051348687831e-10 7.257896798574295927e-01 1.671192497488638296e+00 nan nan nan nan
2.884031503126399040e+09 1.104600198102527742e+00 -9.948345782816031546e-02 -2.410039098004094882e+00 2.694622085415972479e-01 2.400298553605028086e-10 6.922536645505630304e-01 1.593972968564627335e+00 nan nan nan nan
3.019951720401796818e+09 1.099602536758748972e+00 -9.494878428951269989e-02 -2.408336252139363420e+00 2.683257902165511743e-01 2.186157991219014277e-10 6.602091586651998023e-01 1.520187767000629853e+00 nan nan nan nan
3.162277660168146610e+09 1.094613274955083648e+00 -9.040112733099442410e-02 -2.406650924442655715e+00 2.671730825040238289e-01 1.990889420185460138e-10 6.295745137317595441e-01 1.449648890247724697e+00 nan nan nan nan
3.311311214825664043e+09 1.089632461262966201e+00 -8.584044787734937398e-02 -2.404932752068240198e+00 2.660040064886671773e-01 1.813002458790463776e-10 6.003415374299366780e-01 1.382337474791299314e+00 nan nan nan nan
3.467368504525054455e+09 1.084659872434137640e+00 -8.126645621926349705e-02 -2.403196530722943258e+00 2.648184210502528280e-01 1.650911141134239673e-10 5.724317294538380230e-01 1.318072766997208101e+00 nan nan nan nan
3.630780547700735569e+09 1.079695695534687694e+00 -7.667923803955760398e-02 -2.401483489789156600e+00 2.636162843663916178e-01 1.503116135796386616e-10 5.457484826784617660e-01 1.256632320739545339e+00 nan nan nan nan
3.801893963205317020e+09 1.074740080286183286e+00 -7.207884656443722116e-02 -2.399752331440067721e+00 2.623975507888267056e-01 1.368467306769491397e-10 5.202767592450767697e-01 1.197981510068965916e+00 nan nan nan nan
3.981071705534659863e+09 1.069792803282360927e+00 -6.746498793063623878e-02 -2.397984547927128673e+00 2.611620858179629634e-01 1.245839036023559549e-10 4.959774535963968889e-01 1.142030291112209550e+00 nan nan nan nan
4.168693834703022480e+09 1.064853942857898472e+00 -6.283764690001368558e-02 -2.396240992149847315e+00 2.599098315236662571e-01 1.134045549433574019e-10 4.727488690196141596e-01 1.088544498534358196e+00 nan nan nan nan
4.365158322401308060e+09 1.059923725009793705e+00 -5.819694799697747167e-02 -2.394494566751905307e+00 2.586407724905442906e-01 1.032188938629679169e-10 4.505668135749917314e-01 1.037468428335603265e+00 nan nan nan nan
4.570881896148377419e+09 1.055001991415451146e+00 -5.354265452383238921e-02 -2.392700882273254503e+00 2.573547988150404198e-01 9.394617195350240354e-11 4.294168565947065752e-01 9.887688526753333207e-01 nan nan nan nan
4.786300923225988388e+09 1.050088685615549133e+00 -4.887462309367576058e-02 -2.390923539515817264e+00 2.560518286577961877e-01 8.549561969916950117e-11 4.092077634979129908e-01 9.422356961677275100e-01 nan nan nan nan
5.011872336272304535e+09 1.045184073152703119e+00 -4.419301646240160475e-02 -2.389156679068142441e+00 2.547318700345543863e-01 7.779600237906078701e-11 3.899036321961891760e-01 8.977862911991785211e-01 nan nan nan nan
5.248074602497282982e+09 1.040288101252035746e+00 -3.949769522485518242e-02 -2.387343746416551227e+00 2.533948512080758109e-01 7.078786670838092437e-11 3.715000054372168958e-01 8.554103745669425773e-01 nan nan nan nan
5.495408738575776100e+09 1.035400595081751751e+00 -3.478840022159278289e-02 -2.385530123792744650e+00 2.520406693133314668e-01 6.440437775231009632e-11 3.539283803025802255e-01 8.149502124722487473e-01 nan nan nan nan
5.754399373371071815e+09 1.030521808477052659e+00 -3.006528412983177842e-02 -2.383736976412770048e+00 2.506693439484837249e-01 5.858838169805743841e-11 3.371409469301269168e-01 7.762957186392069886e-01 nan nan nan nan
6.025595860743050575e+09 1.025651805422927332e+00 -2.532831821641133574e-02 -2.381909302732609923e+00 2.492808483593928204e-01 5.329485545617887192e-11 3.211332604356506026e-01 7.394366583437037566e-01 nan nan nan nan
6.309573444801375389e+09 1.020790346651311964e+00 -2.057717691331344481e-02 -2.380059258682467593e+00 2.478750727737444037e-01 4.847604729366979324e-11 3.058631807130745006e-01 7.042760004056692891e-01 nan nan nan nan
6.606934480075369835e+09 1.015937617902155976e+00 -1.581194756864884657e-02 -2.378235518735515530e+00 2.464520334274187818e-01 4.408618130048112408e-11 2.912745113290027277e-01 6.706843477552870691e-01 nan nan nan nan
6.918309709188739777e+09 1.011093785888813379e+00 -1.103270120454254329e-02 -2.376394061339956565e+00 2.450117484677929447e-01 4.009048584929899834e-11 2.773583974972990140e-01 6.386413114939978319e-01 nan nan nan nan
7.244359600749238968e+09 1.006258620747654264e+00 -6.239116916575547511e-03 -2.374510044376722195e+00 2.435541231706225829e-01 3.645524268576134552e-11 2.640948873482386605e-01 6.081009507439961714e-01 nan nan nan nan
7.585775750291137695e+09 1.001432189257367655e+00 -1.431164652501906633e-03 -2.372652777261897494e+00 2.420791552074925412e-01 3.314435274060378582e-11 2.514256272787678270e-01 5.789289013687679564e-01 nan nan nan nan
7.943282347242074013e+09 9.966147334784472012e-01 3.391009500937418666e-03 -2.370794442351295217e+00 2.405869031124525381e-01 3.013066378323946503e-11 2.393363697400921197e-01 5.510923571748473915e-01 nan nan nan nan
8.317637711025926590e+09 9.918060991640994528e-01 8.227655355268558013e-03 -2.368883200943718847e+00 2.390773095014715743e-01 2.739001484570768781e-11 2.278202203862182418e-01 5.245754433439243636e-01 nan nan nan nan
8.709635899559976578e+09 9.870062111743206357e-01 1.307894658535521323e-02 -2.366988735457221438e+00 2.375503452134763438e-01 2.489495077093760282e-11 2.168259569523364738e-01 4.992602162526186826e-01 nan nan nan nan
9.120108393558219910e+09 9.822153473438017812e-01 1.794470002177154730e-02 -2.365107515867667320e+00 2.360060999913023150e-01 2.262390568536404498e-11 2.063324721361581571e-01 4.750980745413271311e-01 nan nan nan nan
9.549925860213432312e+09 9.774334669467356074e-01 2.282505394372812829e-02 -2.363176346341658185e+00 2.344445694087068932e-01 2.055907311092687750e-11 1.963376239640592102e-01 4.520840861335133076e-01 nan nan nan nan
9.999999999999017715e+09 9.726603757220080304e-01 2.772030631768997860e-02 -2.361242218390417147e+00 2.328657032825519613e-01 1.868038837938593699e-11 1.868038837938410246e-01 4.301318381370903832e-01 nan nan nan nan
1.047128548050795746e+10 9.678963329085628065e-01 3.263029154326720777e-02 -2.359331668157909512e+00 2.312696072635211930e-01 1.697055274096674322e-11 1.777035025126795786e-01 4.091774358585259508e-01 nan nan nan nan
1.096478196143075180e+10 9.631414184974020909e-01 3.755502594348974349e-02 -2.357385216000281059e+00 2.296563366419701324e-01 1.541605720171076667e-11 1.690337059217028592e-01 3.892144914688523971e-01 nan nan nan nan
1.148153621496766663e+10 9.583953796660595881e-01 4.249487251523160342e-02 -2.355411409047437843e+00 2.280258396601391180e-01 1.400266972608394991e-11 1.607721595662642555e-01 3.701915779857401501e-01 nan nan nan nan
1.202264434617290115e+10 9.536583984403427250e-01 4.744974457095079562e-02 -2.353467181101124517e+00 2.263782192547749705e-01 1.271655230712263505e-11 1.528865856980399229e-01 3.520343731470634285e-01 nan nan nan nan
1.258925411794037437e+10 9.489306580218640486e-01 5.241955151195154539e-02 -2.351505963623478301e+00 2.247135889281705046e-01 1.154727450419184126e-11 1.453715731028850378e-01 3.347304171717973009e-01 nan nan nan nan
1.318256738556269836e+10 9.442119251423971571e-01 5.740464105943259704e-02 -2.349495714343555530e+00 2.230319232528269191e-01 1.048482917410454528e-11 1.382169671137468692e-01 3.182563280749617918e-01 nan nan nan nan
1.380384264602739906e+10 9.395022532205946630e-01 6.240506181260568191e-02 -2.347514702399822184e+00 2.213333042705224740e-01 9.518349892197100744e-12 1.313898041617206358e-01 3.025362044341849965e-01 nan nan nan nan
1.445439770745774269e+10 9.348018992019974105e-01 6.742064465283417740e-02 -2.345534708375209387e+00 2.196178973156621694e-01 8.639697087512978381e-12 1.248816177748769268e-01 2.875505514774118754e-01 nan nan nan nan
1.513561248436046219e+10 9.301107154698312618e-01 7.245165102830082582e-02 -2.343495946996812407e+00 2.178857297557610095e-01 7.841702582845330170e-12 1.186889715115554550e-01 2.732914565053025657e-01 nan nan nan nan
1.584893192460942268e+10 9.254286077251867582e-01 7.749828908476437406e-02 -2.341474016061706909e+00 2.161368545452534429e-01 7.116163376233615253e-12 1.127835889143253140e-01 2.596938105684939990e-01 nan nan nan nan
1.659586907437379837e+10 9.207558643386792863e-01 8.256035458826380125e-02 -2.339468367915761071e+00 2.143714767195659399e-01 6.456613464346913231e-12 1.071531117181404036e-01 2.467291577101157207e-01 nan nan nan nan
1.737800828749184418e+10 9.160924581311437054e-01 8.763798257739262298e-02 -2.337408985715683674e+00 2.125896935243179187e-01 5.857764601318273968e-12 1.017962817878853288e-01 2.343946009670060393e-01 nan nan nan nan
1.819700858609781647e+10 9.114381764980560297e-01 9.273151327665320187e-02 -2.335343770066045099e+00 2.107915384352408716e-01 5.313668058488023384e-12 9.669286328398027375e-02 2.226435455966042920e-01 nan nan nan nan
1.905460717963034058e+10 9.067932820181219267e-01 9.784076882556404231e-02 -2.333305472584254137e+00 2.089772368731002972e-01 4.819145517090085756e-12 9.182692476962811545e-02 2.114393081100314209e-01 nan nan nan nan
1.995262314968654251e+10 9.021578710192782458e-01 1.029657509313355312e-01 -2.331230172041804050e+00 2.071469618908409194e-01 4.370180823304210613e-12 8.719657106337579122e-02 2.007775246907250732e-01 nan nan nan nan
2.089296130853801727e+10 8.975316793893075573e-01 1.081068618729385256e-01 -2.329121793530910978e+00 2.053007529383799878e-01 3.962583197351858104e-12 8.279009742413523387e-02 1.906312441763385601e-01 nan nan nan nan
2.187761623949301147e+10 8.929148832985902562e-01 1.132640181035507732e-01 -2.327046511095557157e+00 2.034388330907127840e-01 3.592221208737811431e-12 7.858923705213355371e-02 1.809584057060180662e-01 nan nan nan nan
2.290867652767507553e+10 8.883076820170077159e-01 1.184371072454428464e-01 -2.324955275634710272e+00 2.015614476598890092e-01 3.255998408146663297e-12 7.459061430685687277e-02 1.717512365802370544e-01 nan nan nan nan
2.398832919019210052e+10 8.837098414416043601e-01 1.236265038882965878e-01 -2.322807935089893139e+00 1.996686759936692757e-01 2.950977962003717531e-12 7.078903078554736605e-02 1.629977670342979690e-01 nan nan nan nan
2.511886431509284210e+10 8.791213999991336348e-01 1.288322793441294967e-01 -2.320692310577238349e+00 1.977607176580476744e-01 2.673934271264975543e-12 6.716619214738157873e-02 1.546558727917345666e-01 nan nan nan nan
2.630267991895069504e+10 8.745426286247629521e-01 1.340542394282222272e-01 -2.318580096097914378e+00 1.958378814262245471e-01 2.422454812872864579e-12 6.371705356111656560e-02 1.467139376993301936e-01 nan nan nan nan
2.754228703337836456e+10 8.699733883010419833e-01 1.392926559610568327e-01 -2.316402993351466488e+00 1.939003164864512019e-01 2.194435588078207695e-12 6.043977484311044424e-02 1.391677245776626604e-01 nan nan nan nan
2.884031503126257706e+10 8.654135652022957315e-01 1.445477762479980277e-01 -2.314242357203106337e+00 1.919481914324434046e-01 1.987462067498383925e-12 5.731903213933783880e-02 1.319819489488859299e-01 nan nan nan nan
3.019951720401648712e+10 8.608634568048917357e-01 1.498193738845156331e-01 -2.312101390755543662e+00 1.899818626522118969e-01 1.799619706709194890e-12 5.434764629345143622e-02 1.251400801946143948e-01 nan nan nan nan
3.162277660167991257e+10 8.563230505356372868e-01 1.551075785506015603e-01 -2.309902960356764900e+00 1.880015667094545873e-01 1.629355310197633598e-12 5.152473897914064405e-02 1.186400958937784966e-01 nan nan nan nan
3.311311214825501251e+10 8.517921164166620818e-01 1.604127767405237048e-01 -2.307695128808454843e+00 1.860074552752087607e-01 1.474931687795875014e-12 4.883957838899986165e-02 1.124572851466252438e-01 nan nan nan nan
3.467368504524884033e+10 8.472709185694576872e-01 1.657347788387678322e-01 -2.305517903781774347e+00 1.839999084018315856e-01 1.334820378653225985e-12 4.628314140140175892e-02 1.065708714478032504e-01 nan nan nan nan
3.630780547700556946e+10 8.427595698520892187e-01 1.710735694271429408e-01 -2.303302819304476667e+00 1.819792540306856277e-01 1.207841927332908358e-12 4.385408974457473408e-02 1.009777733126808463e-01 nan nan nan nan
3.801893963205130768e+10 8.382577968022284498e-01 1.764295923939637190e-01 -2.301048091127874340e+00 1.799456585485361693e-01 1.092780246460133537e-12 4.154634622126596871e-02 9.566399747745653326e-02 nan nan nan nan
3.981071705534464264e+10 8.337657677855884186e-01 1.818027700443682615e-01 -2.298830311591653963e+00 1.778994984408525382e-01 9.884211378437718937e-13 3.934975425022020634e-02 9.060615754953614542e-02 nan nan nan nan
4.168693834702818298e+10 8.292836978470016218e-01 1.871929654451914282e-01 -2.296597927629322911e+00 1.758411865814221986e-01 8.938577639317270686e-13 3.726219349603437925e-02 8.579937127622845605e-02 nan nan nan nan
4.365158322401094055e+10 8.248113541307969809e-01 1.926005804541593980e-01 -2.294301673860361213e+00 1.737709433163646677e-01 8.082401368427367204e-13 3.528096159837671580e-02 8.123741624291760943e-02 nan nan nan nan
4.570881896148153687e+10 8.203487585849166264e-01 1.980257137973139014e-01 -2.292039623033266249e+00 1.716891175517384627e-01 7.306272867363201782e-13 3.339611037774892210e-02 7.689738591978842464e-02 nan nan nan nan
4.786300923225753784e+10 8.158961954998770194e-01 2.034681435072956956e-01 -2.289783745355940869e+00 1.695961950786926409e-01 6.603145693763725754e-13 3.160464233025547798e-02 7.277237829905486288e-02 nan nan nan nan
5.011872336272058868e+10 8.114535359635786094e-01 2.089281506432241753e-01 -2.287456520659272297e+00 1.674924821708224654e-01 5.966928808218099380e-13 2.990548542641309829e-02 6.885992494160948774e-02 nan nan nan nan
5.248074602497025299e+10 8.070206462920309631e-01 2.144060270344583519e-01 -2.285144943561553621e+00 1.653782940314495742e-01 5.390644208005574674e-13 2.829050295913174834e-02 6.514129038700071372e-02 nan nan nan nan
5.495408738575506592e+10 8.025978318545433643e-01 2.199015225552329311e-01 -2.282856857487469249e+00 1.632541688102187305e-01 4.868714378436917737e-13 2.675557554089045414e-02 6.160698939493046422e-02 nan nan nan nan
5.754399373370790100e+10 7.981850954280333976e-01 2.254147592704386360e-01 -2.280507586152807242e+00 1.611205150894812199e-01 4.396643255538990398e-13 2.530004119460847745e-02 5.825549770684075590e-02 nan nan nan nan
6.025595860742755127e+10 7.937821904598352241e-01 2.309461746875351162e-01 -2.278144555282288763e+00 1.589776330008453031e-01 3.969450865935926417e-13 2.391830670720526339e-02 5.507393647367034295e-02 nan nan nan nan
6.309573444801065063e+10 7.893893810196348504e-01 2.364955678078479728e-01 -2.275816282555903403e+00 1.568260838731597717e-01 3.582706413493098319e-13 2.260534924709451873e-02 5.205074019828401927e-02 nan nan nan nan
6.606934480075045776e+10 7.850067966058050795e-01 2.420629031406426879e-01 -2.273449518336002395e+00 1.546663791792756426e-01 3.233001313866396659e-13 2.136022785471182114e-02 4.918374224121562638e-02 nan nan nan nan
6.918309709188400269e+10 7.806341559855471957e-01 2.476486691263435069e-01 -2.271035572031834704e+00 1.524988411389340826e-01 2.916869820429365431e-13 2.017980879911510442e-02 4.646572692031251950e-02 nan nan nan nan
7.244359600748883057e+10 7.762716179261119898e-01 2.532527969420532155e-01 -2.268662862484524645e+00 1.503240222279185745e-01 2.630814232965975674e-13 1.905856434637387409e-02 4.388396615782829552e-02 nan nan nan nan
7.585775750290765381e+10 7.719194131007756088e-01 2.588751215812423734e-01 -2.266277233214576192e+00 1.481425263592315578e-01 2.372225167967272488e-13 1.799516815339557291e-02 4.143540593592983518e-02 nan nan nan nan
7.943282347241683960e+10 7.675773115602794183e-01 2.645160729192480575e-01 -2.263819168787736480e+00 1.459547406593278140e-01 2.138685269178016988e-13 1.698818094496757150e-02 3.911673220096783393e-02 nan nan nan nan
8.317637711025517273e+10 7.632453173779901734e-01 2.701757824950556941e-01 -2.261397802005543411e+00 1.437611821482711327e-01 1.927508928938640246e-13 1.603232095567843837e-02 3.691578323864122546e-02 nan nan nan nan
8.709635899559548950e+10 7.589237277487920208e-01 2.758539970855600765e-01 -2.258985841979610498e+00 1.415625308403055671e-01 1.736676755847685556e-13 1.512582221866161543e-02 3.482849275996836164e-02 nan nan nan nan
9.120108393557772827e+10 7.546124250270489497e-01 2.815510058744600252e-01 -2.256495640135947944e+00 1.393592703769638563e-01 1.564456712253000962e-13 1.426801479277639215e-02 3.285331816846544933e-02 nan nan nan nan
9.549925860212962341e+10 7.503112553326681811e-01 2.872671514331891496e-01 -2.254019784387888414e+00 1.371518779410457467e-01 1.408877506960128169e-13 1.345467573759089562e-02 3.098053578444546693e-02 nan nan nan nan
9.999999999998527527e+10 7.460205309479880365e-01 2.930021577790823950e-01 -2.251571783921764602e+00 1.349410833023467760e-01 1.268348244266730438e-13 1.268348244266543669e-02 2.920479759973314271e-02 nan nan nan nan
1.047128548050744324e+11 7.417402706474220953e-01 2.987561366516335304e-01 -2.249058860014873318e+00 1.327274796492978470e-01 1.141591989786514441e-13 1.195393562731512926e-02 2.752495397806624389e-02 nan nan nan nan
1.096478196143021393e+11 7.374702119785342402e-01 3.045295821214625831e-01 -2.246526918163050279e+00 1.305115269103196973e-01 1.027213645090278950e-13 1.126317364622086807e-02 2.593441573759156307e-02 nan nan nan nan
1.148153621496710358e+11 7.332106175935173553e-01 3.103222819518836606e-01 -2.244034496920641608e+00 1.282939697482504693e-01 9.239583377322433339e-14 1.060846111579355835e-02 2.442688442483323050e-02 nan nan nan nan
1.202264434617231140e+11 7.289616338256005301e-01 3.161341768555254728e-01 -2.241503200228065928e+00 1.260755061772451668e-01 8.308615103177004884e-14 9.989152439473288764e-03 2.300087349877630305e-02 nan nan nan nan
1.258925411793975677e+11 7.247229729890632965e-01 3.219658033706281897e-01 -2.238916054641934661e+00 1.238566197136662522e-01 7.469576017799783581e-14 9.403639064134997755e-03 2.165267912897372513e-02 nan nan nan nan
1.318256738556205292e+11 7.204947825766988556e-01 3.278171049612860211e-01 -2.236374975386733244e+00 1.216380329937038901e-01 6.712645435569578676e-14 8.848990078978151430e-03 2.037555264390729717e-02 nan nan nan nan
1.380384264602672119e+11 7.162773089126428516e-01 3.336878840533007429e-01 -2.233823057251691058e+00 1.194205331040630591e-01 6.030485135418823126e-14 8.324386788852456906e-03 1.916760892832824331e-02 nan nan nan nan
1.445439770745703430e+11 7.120703263039150910e-01 3.395785995491256704e-01 -2.231189215829642691e+00 1.172046705786385645e-01 5.416372851928365486e-14 7.829040733364588459e-03 1.802703248508847472e-02 nan nan nan nan
1.513561248435971985e+11 7.078738196411522576e-01 3.454894220174695718e-01 -2.228594575000994560e+00 1.149911173505492323e-01 4.862853098785561532e-14 7.360226007158609737e-03 1.694754668515050314e-02 nan nan nan nan
1.584893192460864563e+11 7.036880987196256765e-01 3.514200625874586148e-01 -2.226013176835683005e+00 1.127807277100951189e-01 4.364280212317309943e-14 6.916917998493360767e-03 1.592679227279302639e-02 nan nan nan nan
1.659586907437298279e+11 6.995130580918627050e-01 3.573708172997868693e-01 -2.223346102503680921e+00 1.105741472254491153e-01 3.915843190280146795e-14 6.498682090166432897e-03 1.496376850492461656e-02 nan nan nan nan
1.737800828749099121e+11 6.953485232667379057e-01 3.633420867863302872e-01 -2.220691536642896757e+00 1.083719945148890335e-01 3.512130354388406862e-14 6.103383040531040749e-03 1.405355880595944920e-02 nan nan nan nan
1.819700858609692383e+11 6.911948125386870867e-01 3.693335665281403113e-01 -2.218069847916365411e+00 1.061751581121252869e-01 3.148727261159232885e-14 5.729741700659200798e-03 1.319321782664422890e-02 nan nan nan nan
1.905460717962940369e+11 6.870519611533867366e-01 3.753453547533126544e-01 -2.215379439344848045e+00 1.039843856939770550e-01 2.822097294765574697e-14 5.377395537445283681e-03 1.238191080365421554e-02 nan nan nan nan
1.995262314968556519e+11 6.829196911685605498e-01 3.813780088011935465e-01 -2.212663680638335073e+00 1.018002675647700500e-01 2.528444193889311372e-14 5.044909415568393264e-03 1.161633321579308604e-02 nan nan nan nan
2.089296130853699036e+11 6.787982624560490175e-01 3.874313053542031704e-01 -2.209992968173659644e+00 9.962368605751020789e-02 2.264319626656787988e-14 4.730834234990119111e-03 1.089314838691413968e-02 nan nan nan nan
2.187761623949194031e+11 6.746878383401444523e-01 3.935051567963127050e-01 -2.207283267871231303e+00 9.745547915645638715e-02 2.027068634375758856e-14 4.434742967398385555e-03 1.021137304799170191e-02 nan nan nan nan
2.290867652767395325e+11 6.705881256910440902e-01 3.996001520989594935e-01 -2.204507719932489174e+00 9.529625044403380874e-02 1.814077972543856541e-14 4.155812546898580290e-03 9.569112019766290445e-03 nan nan nan nan
2.398832919019092407e+11 6.664992590479098533e-01 4.057162510700534352e-01 -2.201783713575595769e+00 9.314683490220970752e-02 1.622679891964626167e-14 3.892537941875089808e-03 8.962899838875305891e-03 nan nan nan nan
2.511886431509161072e+11 6.624215004833148290e-01 4.118532179787410263e-01 -2.199051416742824117e+00 9.100813880731747907e-02 1.450871794024455634e-14 3.644425173269384265e-03 8.391599076502326629e-03 nan nan nan nan
2.630267991894940491e+11 6.583546296118421015e-01 4.180115420607531940e-01 -2.196226634784885334e+00 8.888081917946261123e-02 1.296838296292797062e-14 3.411032261402511222e-03 7.854192036827191761e-03 nan nan nan nan
2.754228703337701416e+11 6.542986108045020233e-01 4.241914402869005341e-01 -2.193443536963807450e+00 8.676563395258589384e-02 1.158581761188663168e-14 3.190999141829362409e-03 7.347547055733083358e-03 nan nan nan nan
2.884031503126116333e+11 6.502537662071973257e-01 4.303925827328984877e-01 -2.190678291599664540e+00 8.466352961978923508e-02 1.034574398872101906e-14 2.983745158674906434e-03 6.870327123657993425e-03 nan nan nan nan
3.019951720401500244e+11 6.462200033605598470e-01 4.366152707001258459e-01 -2.187819277202962098e+00 8.257523768098243289e-02 9.235207912312145023e-15 2.788988202305261142e-03 6.421882659164357063e-03 nan nan nan nan
3.162277660167836304e+11 6.421971266538348821e-01 4.428599715599734199e-01 -2.184970324783307216e+00 8.050143808222645636e-02 8.239886467941535028e-15 2.605680889989077636e-03 5.999801974388308673e-03 nan nan nan nan
3.311311214825338745e+11 6.381854596077068953e-01 4.491263488389273806e-01 -2.182160101101478844e+00 7.844307829424317091e-02 7.347965180744323637e-15 2.433139950914477764e-03 5.602511780143940891e-03 nan nan nan nan
3.467368504524713745e+11 6.341850544060018136e-01 4.554144832135970100e-01 -2.179277288892689235e+00 7.640096329438118838e-02 6.549972148216222812e-15 2.271116713223901053e-03 5.229439488318988333e-03 nan nan nan nan
3.630780547700379028e+11 6.301956179010645975e-01 4.617250031882724759e-01 -2.176361514840864153e+00 7.437572044143117567e-02 5.835955668622202625e-15 2.118907431887525044e-03 4.878964666098511808e-03 nan nan nan nan
3.801893963204943848e+11 6.262174059079173016e-01 4.680576743919496741e-01 -2.173497306034807508e+00 7.236825363876055184e-02 5.196806345455702067e-15 1.975770667273318154e-03 4.549380085638441221e-03 nan nan nan nan
3.981071705534268799e+11 6.222505990138238463e-01 4.744123750770865011e-01 -2.170594329757715713e+00 7.037942182354024745e-02 4.625480584268696228e-15 1.841436987853022371e-03 4.240065357918227501e-03 nan nan nan nan
4.168693834702613525e+11 6.182948994755166350e-01 4.807897517230017570e-01 -2.167613942730822529e+00 6.840983871802562566e-02 4.115167632970151834e-15 1.715487394033042004e-03 3.950055700719685460e-03 nan nan nan nan
4.365158322400879517e+11 6.143504271881963241e-01 4.871897853189225414e-01 -2.164691340342602910e+00 6.646032149847901083e-02 3.658925687489444316e-15 1.597178991579090851e-03 3.677640536853277360e-03 nan nan nan nan
4.570881896147929077e+11 6.104174601747167639e-01 4.936121949407856757e-01 -2.161763588433469607e+00 6.453175524529093654e-02 3.251503062329071514e-15 1.486223648286950439e-03 3.422156417400758037e-03 nan nan nan nan
4.786300923225518799e+11 6.064957842090781259e-01 5.000575016377254434e-01 -2.158731536264479889e+00 6.262477334316773891e-02 2.888184570616120770e-15 1.382372047678563773e-03 3.183029269956315528e-03 nan nan nan nan
5.011872336271812744e+11 6.025853417765862918e-01 5.065259775459710623e-01 -2.155743601142448007e+00 6.074007790617588776e-02 2.563857439644434240e-15 1.284972617589861957e-03 2.958758794167955057e-03 nan nan nan nan
5.248074602496767578e+11 5.986864671422212902e-01 5.130172450440285692e-01 -2.152779104937177834e+00 5.887854710343147502e-02 2.274562687015192056e-15 1.193707466951123399e-03 2.748613018797339564e-03 nan nan nan nan
5.495408738575236816e+11 5.947990814951595873e-01 5.195316086220106433e-01 -2.149711961692197359e+00 5.704084609014408586e-02 2.016954939674125174e-15 1.108399180079767650e-03 2.552183429138495975e-03 nan nan nan nan
5.754399373370507812e+11 5.909229674114554465e-01 5.260696128608139954e-01 -2.146651702098917980e+00 5.522756317442478746e-02 1.787419020892041487e-15 1.028552289377168997e-03 2.368329168884767463e-03 nan nan nan nan
6.025595860742459717e+11 5.870584528502809096e-01 5.326308851503999131e-01 -2.143637052331007098e+00 5.343952703198227849e-02 1.582940685253727758e-15 9.538160840865694302e-04 2.196242696675690387e-03 nan nan nan nan
6.309573444800755615e+11 5.832056073375881944e-01 5.392154835575244665e-01 -2.140545856440096539e+00 5.167742565118273179e-02 1.401095531712337615e-15 8.840315160521160448e-04 2.035557790598528823e-03 nan nan nan nan
6.606934480074721680e+11 5.793641226007040235e-01 5.458241172059750124e-01 -2.137412523682316934e+00 4.994175809525706194e-02 1.239399003568807491e-15 8.188628011249007464e-04 1.885501279077544425e-03 nan nan nan nan
6.918309709188061523e+11 5.755342490399263378e-01 5.524565407926483873e-01 -2.134338533994238674e+00 4.823325911494873164e-02 1.095566796162606396e-15 7.579470402955817846e-04 1.745237556263564034e-03 nan nan nan nan
7.244359600748527832e+11 5.717161848178186068e-01 5.591125911289912542e-01 -2.131226409379351150e+00 4.655261461598034223e-02 9.678205872957592862e-16 7.011240363378112503e-04 1.614397754411259862e-03 nan nan nan nan
7.585775750290393066e+11 5.679096282111160132e-01 5.657929781816902759e-01 -2.128023439517563453e+00 4.490026861914891282e-02 8.544721604968090815e-16 6.481834194394935382e-04 1.492497479127284903e-03 nan nan nan nan
7.943282347241293945e+11 5.641146827196106273e-01 5.724977099991409579e-01 -2.124885408527052100e+00 4.327682188071835245e-02 7.538144403889668071e-16 5.987760937437254299e-04 1.378732907495507478e-03 nan nan nan nan
8.317637711025109863e+11 5.603316425972578729e-01 5.792264516216899528e-01 -2.121746155450338289e+00 4.168292825340944030e-02 6.645420210366311484e-16 5.527419774735125441e-04 1.272735437602560624e-03 nan nan nan nan
8.709635899559122314e+11 5.565603004735246717e-01 5.859797574906487894e-01 -2.118489286543587369e+00 4.011900207613185859e-02 5.854932386759159847e-16 5.099432930520895460e-04 1.174187824854035700e-03 nan nan nan nan
9.120108393557324219e+11 5.528005754963765117e-01 5.927579654720976921e-01 -2.115278886643151335e+00 3.858548778614011299e-02 5.154357696042694279e-16 4.700830088707576900e-04 1.082406128695594496e-03 nan nan nan nan
9.549925860212493896e+11 5.490528138386984169e-01 5.995606420290475747e-01 -2.112098751348666870e+00 3.708297402846440910e-02 4.534019579291717627e-16 4.329955083098774630e-04 9.970090027677034738e-04 nan nan nan nan
9.999999999998037109e+11 5.453169509800049886e-01 6.063880919290048910e-01 -2.108806190309764794e+00 3.561185039338852359e-02 3.985757471803032581e-16 3.985757471802249974e-04 9.177545738861496568e-04 nan nan nan nan
1.047128548050692871e+12 5.415927468625273411e-01 6.132409495296410329e-01 -2.105516436994609553e+00 3.417241089078904004e-02 3.501000329141875758e-16 3.665997391379330469e-04 8.441270944345105219e-04 nan nan nan nan
1.096478196142967529e+12 5.378805331431454340e-01 6.201188008334858059e-01 -2.102280494063393235e+00 3.276514001153345290e-02 3.072535131916545277e-16 3.368967779029748318e-04 7.757334986771156817e-04 nan nan nan nan
1.148153621496654053e+12 5.341803971240283166e-01 6.270216747414163461e-01 -2.098963973822113971e+00 3.139039015474726080e-02 2.694530084528965147e-16 3.093734474783616504e-04 7.123586883318519785e-04 nan nan nan nan
1.202264434617172119e+12 5.304920153472694189e-01 6.339503722246503381e-01 -2.095594235734091093e+00 3.004832977374244027e-02 2.361173095934335832e-16 2.838754437216772417e-04 6.536473649806042634e-04 nan nan nan nan
1.258925411793913818e+12 5.268156313622129883e-01 6.409046372635265332e-01 -2.092293200259711217e+00 2.873930278434955535e-02 2.067121405623238617e-16 2.602351666802249519e-04 5.992136154707067590e-04 nan nan nan nan
1.318256738556140625e+12 5.231514612959392574e-01 6.478842558952156994e-01 -2.088955204067250548e+00 2.746360090581809535e-02 1.808178823070464314e-16 2.383643918027151057e-04 5.488542952655239317e-04 nan nan nan nan
1.380384264602604248e+12 5.194991998988446325e-01 6.548900085810099858e-01 -2.085510666166439542e+00 2.622129769159570536e-02 1.580436288714817570e-16 2.181609384148872587e-04 5.023341246677114893e-04 nan nan nan nan
1.445439770745632324e+12 5.158589323798368209e-01 6.619219377383558367e-01 -2.082139290846940938e+00 2.501256789642717845e-02 1.380000448189274473e-16 1.994707531459574777e-04 4.592983826821768738e-04 nan nan nan nan
1.513561248435897705e+12 5.122309695485723902e-01 6.689796432636818668e-01 -2.078771677470404367e+00 2.383761832093585567e-02 1.203855360204836164e-16 1.822108821927879020e-04 4.195560611184076636e-04 nan nan nan nan
1.584893192460786865e+12 5.086151114677217588e-01 6.760637145445875795e-01 -2.075271323865917061e+00 2.269644848958480080e-02 1.049340409518153216e-16 1.663092471619335348e-04 3.829411933421304781e-04 nan nan nan nan
1.659586907437216797e+12 5.050112523786911556e-01 6.831745680170135948e-01 -2.071819684915202409e+00 2.158905466090997594e-02 9.137137218256978513e-17 1.516387329887659298e-04 3.491610861004369065e-04 nan nan nan nan
1.737800828749013916e+12 5.014197501474453311e-01 6.903117040308272001e-01 -2.068406694852531036e+00 2.051553448366418703e-02 7.947917716779425406e-17 1.381189799504825577e-04 3.180307042935246668e-04 nan nan nan nan
1.819700858609603027e+12 4.978405551443297328e-01 6.974754236158793308e-01 -2.064870472135392987e+00 1.947581782459401750e-02 6.907352848081875533e-17 1.256931590837407459e-04 2.894191943975505895e-04 nan nan nan nan
1.905460717962846924e+12 4.942734036461509661e-01 7.046664662140297297e-01 -2.061331822513865486e+00 1.846973744241013279e-02 5.996764363130410202e-17 1.142659892882448612e-04 2.631071635713299293e-04 nan nan nan nan
1.995262314968458496e+12 4.907186302105898679e-01 7.118843700070539571e-01 -2.057856871990237035e+00 1.749725680922550181e-02 5.200331371342524866e-17 1.037602521058798421e-04 2.389168097443029827e-04 nan nan nan nan
2.089296130853596436e+12 4.871763403409689053e-01 7.191291262841836840e-01 -2.054297275023605707e+00 1.655822898950894129e-02 4.505185651137675195e-17 9.412666949699085900e-05 2.167346660369485231e-04 nan nan nan nan
2.187761623949086426e+12 4.836461951406521020e-01 7.264016413530937077e-01 -2.050671015275564724e+00 1.565235214842732731e-02 3.898885834143964527e-17 8.529832804098888598e-05 1.964066586044970191e-04 nan nan nan nan
2.290867652767282715e+12 4.801284297060194328e-01 7.337016489809582431e-01 -2.047124779292031072e+00 1.477943704346745303e-02 3.370063567096195195e-17 7.720369613630196335e-05 1.777680798474909200e-04 nan nan nan nan
2.398832919018974609e+12 4.766232785839386588e-01 7.410288724890039536e-01 -2.043543500884594799e+00 1.393924784797463332e-02 2.909703458108538023e-17 6.979892439894108572e-05 1.607179628280201386e-04 nan nan nan nan
2.511886431509037598e+12 4.731304333005628138e-01 7.483841709978416024e-01 -2.039837226284784144e+00 1.313137956201895079e-02 2.509570417359854198e-17 6.303755880282690027e-05 1.451493431981248016e-04 nan nan nan nan
2.630267991894811523e+12 4.696499586995634412e-01 7.557676304803719880e-01 -2.036213615724196568e+00 1.235548186350214628e-02 2.161646338607744491e-17 5.685709174236563843e-05 1.309182918769659788e-04 nan nan nan nan
2.754228703337566406e+12 4.661821824897396938e-01 7.631787717085564138e-01 -2.032600132875971966e+00 1.161122100380268703e-02 1.859636587921552110e-17 5.121864468230273002e-05 1.179352877288290319e-04 nan nan nan nan
2.884031503125974609e+12 4.627269126116639320e-01 7.706182204821548920e-01 -2.028836584004904964e+00 1.089811162910886422e-02 1.598040323082921983e-17 4.608798635036757388e-05 1.061215103364694364e-04 nan nan nan nan
3.019951720401352051e+12 4.592840165972102429e-01 7.780864877394449985e-01 -2.025123838919382191e+00 1.021565164272986159e-02 1.371385941312100863e-17 4.141519332799706657e-05 9.536200678051251153e-05 nan nan nan nan
3.162277660167680664e+12 4.558538637202079191e-01 7.855829951284023505e-01 -2.021460078550151529e+00 9.563403089956788380e-03 1.175263306622561817e-17 3.716508899347326306e-05 8.557577989616862112e-05 nan nan nan nan
3.311311214825176270e+12 4.524364197874289339e-01 7.931080344714995789e-01 -2.017661109064510239e+00 8.940812071374466471e-03 1.005964076511911064e-17 3.331060128265142702e-05 7.670049395210151895e-05 nan nan nan nan
3.467368504524543945e+12 4.490313961453845093e-01 8.006624690845280945e-01 -2.013852953573604498e+00 8.347251655153495667e-03 8.598631804210226484e-18 2.981462509992159266e-05 6.865071130828557611e-05 nan nan nan nan
3.630780547700200684e+12 4.456391293649027974e-01 8.082457814665164886e-01 -2.010120567016837612e+00 7.782176270246505753e-03 7.338841901900520455e-18 2.664572442006755572e-05 6.135404784167496680e-05 nan nan nan nan
3.801893963204757324e+12 4.422597435867197113e-01 8.158579143325496164e-01 -2.006299494618986046e+00 7.244969333957158343e-03 6.255128411469438465e-18 2.378133494663622083e-05 5.475854733962291819e-05 nan nan nan nan
3.981071705534073730e+12 4.388928840173948465e-01 8.234998956401753389e-01 -2.002395340471097462e+00 6.734913885797102692e-03 5.323958770040187821e-18 2.119506162083697936e-05 4.880343293322944776e-05 nan nan nan nan
4.168693834702408691e+12 4.355387754821606894e-01 8.311714499546939416e-01 -1.998584967392784018e+00 6.251360726469786314e-03 4.524106646501489914e-18 1.885961548480695016e-05 4.342586947491615634e-05 nan nan nan nan
4.365158322400665527e+12 4.321976714522967056e-01 8.388722225862973447e-01 -1.994742494510288067e+00 5.793635679375489130e-03 3.838598363859985515e-18 1.675608959435699529e-05 3.858232211683906582e-05 nan nan nan nan
4.570881896147705078e+12 4.288692603715383855e-01 8.466031608798709751e-01 -1.990753148532223848e+00 5.360965813710446767e-03 3.252255138240176886e-18 1.486567413303537708e-05 3.422947965603444855e-05 nan nan nan nan
4.786300923225284180e+12 4.255535843946519070e-01 8.543644061251842725e-01 -1.986857534937184866e+00 4.952611065352494242e-03 2.750735991807745056e-18 1.316585021713842780e-05 3.031549044657536743e-05 nan nan nan nan
5.011872336271566406e+12 4.222509884973534855e-01 8.621553822730400052e-01 -1.982980207159408703e+00 4.567848438246025627e-03 2.322657953623017668e-18 1.164086514438432975e-05 2.680408255101334041e-05 nan nan nan nan
5.248074602496509766e+12 4.189612888755565590e-01 8.699767526466360978e-01 -1.978932807604354416e+00 4.205875740474428713e-03 1.958190446161952023e-18 1.027672954735384964e-05 2.366304426046842224e-05 nan nan nan nan
5.495408738574966797e+12 4.156843243201855387e-01 8.778291425512573243e-01 -1.974938088615181275e+00 3.865886332783789910e-03 1.647947396179843807e-18 9.056144521678576335e-06 2.085254337561678244e-05 nan nan nan nan
5.754399373370224609e+12 4.124204752114094541e-01 8.857118791595545160e-01 -1.971005173109699360e+00 3.547119508920648732e-03 1.384309437840608548e-18 7.965869361660486188e-06 1.834209204489743188e-05 nan nan nan nan
6.025595860742164062e+12 4.091697233313170146e-01 8.936252375459708963e-01 -1.966923753354640425e+00 3.248763213474563545e-03 1.160899441825943440e-18 6.995110871404293376e-06 1.610683801633611489e-05 nan nan nan nan
6.309573444800446289e+12 4.059317535840324398e-01 9.015702281304982524e-01 -1.962824348795604745e+00 2.969976716441026770e-03 9.717387575669178476e-19 6.131257060027603686e-06 1.411774110773406045e-05 nan nan nan nan
6.606934480074397461e+12 4.027069035378633144e-01 9.095462681431296659e-01 -1.958815620620618869e+00 2.709974880670602392e-03 8.117776249949263586e-19 5.363361580731883204e-06 1.234959642413021696e-05 nan nan nan nan
6.918309709187721680e+12 3.994953164551575675e-01 9.175532373610303383e-01 -1.954714322687512551e+00 2.467951303606233382e-03 6.768863454080644903e-19 4.682909375453206149e-06 1.078279731976061063e-05 nan nan nan nan
7.244359600748172852e+12 3.962966210273402567e-01 9.255923051220205089e-01 -1.950509761837847078e+00 2.243064378137319542e-03 5.633318538159178495e-19 4.080978523598610566e-06 9.396800313267010348e-06 nan nan nan nan
7.585775750290020508e+12 3.931110297803588338e-01 9.336631884886332777e-01 -1.946415801439575599e+00 2.034521338761390540e-03 4.678166398922434715e-19 3.548752122476739767e-06 8.171303735945922042e-06 nan nan nan nan
7.943282347240904297e+12 3.899388157244255693e-01 9.417654349237152278e-01 -1.942294091980446336e+00 1.841535792100691942e-03 3.876941625150505696e-19 3.079564197234147601e-06 7.090958613469523982e-06 nan nan nan nan
8.317637711024701172e+12 3.867796642652969741e-01 9.499000910733446101e-01 -1.937999394467799785e+00 1.663293808209061458e-03 3.206549161149534551e-19 2.667091422503198834e-06 6.141204951108150464e-06 nan nan nan nan
8.709635899558694336e+12 3.836335922942530896e-01 9.580673686540817080e-01 -1.933811408719338765e+00 1.499014708898116326e-03 2.645964986028959406e-19 2.304539163129314398e-06 5.306397523242532787e-06 nan nan nan nan
9.120108393556876953e+12 3.805009624987594763e-01 9.662665721204960478e-01 -1.929652257474285149e+00 1.347946583043412852e-03 2.178420659493483153e-19 1.986743254134422394e-06 4.574645400576402262e-06 nan nan nan nan
9.549925860212025391e+12 3.773815996745465973e-01 9.744984027356218270e-01 -1.925299715002970480e+00 1.209324163333128609e-03 1.789675373378017269e-19 1.709126712960733981e-06 3.935409691301299940e-06 nan nan nan nan
9.999999999997544922e+12 3.742753115461809887e-01 9.827636252474621914e-01 -1.921001459352869922e+00 1.082401059179900977e-03 1.466740328987779101e-19 1.466740328987418959e-06 3.377294416819613551e-06 nan nan nan nan
1.047128548050641602e+13 3.711824892695869682e-01 9.910614524867012998e-01 -1.916780979864347589e+00 9.664728467755789214e-04 1.199085362803302187e-19 1.255596514940998707e-06 2.891117818118419643e-06 nan nan nan nan
1.096478196142913867e+13 3.681031311587482646e-01 9.993921323612716678e-01 -1.912397221873755493e+00 8.608372094692506860e-04 9.779924604929104839e-20 1.072347408922636472e-06 2.469171158296053042e-06 nan nan nan nan
1.148153621496597656e+13 3.650368939286757208e-01 1.007756851251163654e+00 -1.907983983108475279e+00 7.648032743936654387e-04 7.956515523913333071e-20 9.135302113274992799e-07 2.103481046602400431e-06 nan nan nan nan
1.202264434617113086e+13 3.619841149936112168e-01 1.016154949352293668e+00 -1.903680010527526889e+00 6.777252394827414789e-04 6.455578402702634354e-20 7.761312318451728307e-07 1.787108204653800714e-06 nan nan nan nan
1.258925411793852148e+13 3.589449573033388630e-01 1.024586224523741818e+00 -1.899279923610018184e+00 5.989731490190266508e-04 5.224303626944286528e-20 6.577008594886951418e-07 1.514412194708041019e-06 nan nan nan nan
1.318256738556075781e+13 3.559190322050326261e-01 1.033052011624278732e+00 -1.894751604847421778e+00 5.279280545909003676e-04 4.216759207406045316e-20 5.558771240031396021e-07 1.279954379266031899e-06 nan nan nan nan
1.380384264602536523e+13 3.529065375974946850e-01 1.041552023118311965e+00 -1.890354575415801985e+00 4.640119863911696036e-04 3.393576108706890308e-20 4.684439061190098353e-07 1.078631955133534442e-06 nan nan nan nan
1.445439770745561523e+13 3.499077667334848929e-01 1.050085682845742330e+00 -1.885936004560569756e+00 4.066731069572904916e-04 2.723326800790952019e-20 3.936404866600517335e-07 9.063907165823566532e-07 nan nan nan nan
1.513561248435823438e+13 3.469224018915682550e-01 1.058654149715940962e+00 -1.881313066809752854e+00 3.553741110310388988e-04 2.179407891642671393e-20 3.298667329325567313e-07 7.595462219251532591e-07 nan nan nan nan
1.584893192460708984e+13 3.439504317520528098e-01 1.067257725735272222e+00 -1.876812091197171739e+00 3.096115400170129867e-04 1.738656252476716088e-20 2.755584458579594980e-07 6.344967696811444591e-07 nan nan nan nan
1.659586907437135352e+13 3.409922371638571259e-01 1.075895566873119824e+00 -1.872353678125660670e+00 2.689141656465259358e-04 1.382708890976295337e-20 2.294725572261181060e-07 5.283800895200826525e-07 nan nan nan nan
1.737800828748928516e+13 3.380476518071227066e-01 1.084568411758223272e+00 -1.867674445519577064e+00 2.328293102166833313e-04 1.096359862295607265e-20 1.905255077304367510e-07 4.387011939352255055e-07 nan nan nan nan
1.819700858609513672e+13 3.351164496210687904e-01 1.093277196750549907e+00 -1.863050727608668744e+00 2.009317572948923541e-04 8.664307118166488673e-21 1.576644710218408135e-07 3.630358606696823708e-07 nan nan nan nan
1.905460717962753516e+13 3.321990321570438276e-01 1.102020995241732582e+00 -1.858524740265091957e+00 1.728298165064854112e-04 6.823847921000763644e-21 1.300257415881875824e-07 2.993953342864567051e-07 nan nan nan nan
1.995262314968360547e+13 3.292954148066226661e-01 1.110800013758032501e+00 -1.853819009838136633e+00 1.481531799546667442e-04 5.356835947278507655e-21 1.068829289307264548e-07 2.461070388514327808e-07 nan nan nan nan
2.089296130853493750e+13 3.264052240257188098e-01 1.119615651039507220e+00 -1.849068726550446851e+00 1.265546701368514687e-04 4.190556829888999161e-21 8.755314170808768604e-08 2.015985589418379724e-07 nan nan nan nan
2.187761623948979297e+13 3.235287957140489667e-01 1.128467155976179637e+00 -1.844451039028837336e+00 1.077180045212728157e-04 3.266034879001462711e-21 7.145305770758247832e-08 1.645267455263227182e-07 nan nan nan nan
2.290867652767170312e+13 3.206663131513276532e-01 1.137354219423835078e+00 -1.839734332046564891e+00 9.134929727757299647e-05 2.536336198854365055e-21 5.810410554497906506e-08 1.337896472696214916e-07 nan nan nan nan
2.398832919018857031e+13 3.178173693000170275e-01 1.146278371558639320e+00 -1.834858271354027792e+00 7.717500857685026809e-05 1.962454563550137434e-21 4.707600609122853156e-08 1.083965098633597258e-07 nan nan nan nan
2.511886431508914453e+13 3.149821447667262020e-01 1.155239325043296184e+00 -1.830139079012712111e+00 6.494770636865147774e-05 1.512314860590198494e-21 3.798763178485814871e-08 8.746975466596117497e-08 nan nan nan nan
2.630267991894682031e+13 3.121609538707329490e-01 1.164236346401045674e+00 -1.825407010463543811e+00 5.444156356452432800e-05 1.160812728669498240e-21 3.053248564803307551e-08 7.030364630521560884e-08 nan nan nan nan
2.754228703337430859e+13 3.093534755446247786e-01 1.173270722076737549e+00 -1.820432623895694935e+00 4.544881969638782886e-05 8.875432575902194711e-22 2.444497115508589494e-08 5.628662618037022618e-08 nan nan nan nan
2.884031503125833203e+13 3.065596669103715088e-01 1.182342870739990559e+00 -1.815598145280873155e+00 3.778254443686263634e-05 6.756697068680641369e-22 1.948652720315294041e-08 4.486938705220291574e-08 nan nan nan nan
3.019951720401203906e+13 3.037799274977712738e-01 1.191451762439185602e+00 -1.810824198631635573e+00 3.127514628519284978e-05 5.121410415204088012e-22 1.546641219427623114e-08 3.561273016064177967e-08 nan nan nan nan
3.162277660167525781e+13 3.010141001792275284e-01 1.200598170881167270e+00 -1.805796945060538228e+00 2.577464819619501623e-05 3.865583791005816161e-22 1.222404926580338565e-08 2.814691361546368770e-08 nan nan nan nan
3.311311214825013672e+13 2.982619219772922325e-01 1.209783245702286347e+00 -1.800825791951059074e+00 2.114519446175033030e-05 2.904277632319486987e-22 9.616967094864954201e-09 2.214388507245030077e-08 nan nan nan nan
3.467368504524373438e+13 2.955238044597099933e-01 1.219005888833246676e+00 -1.795977504342724407e+00 1.726696118837320806e-05 2.171674248570329191e-22 7.529994891579394297e-09 1.733845398767202964e-08 nan nan nan nan
3.630780547700022656e+13 2.927997807145281128e-01 1.228266245821052927e+00 -1.790931057337313836e+00 1.403305962350405672e-05 1.616395391401257954e-22 5.868776944491651617e-09 1.351335830649362261e-08 nan nan nan nan
3.801893963204570312e+13 2.900894445604636496e-01 1.237565974037383443e+00 -1.785820200196296836e+00 1.134883574415692952e-05 1.197232454434392004e-22 4.551750841066705795e-09 1.048079363366330789e-08 nan nan nan nan
3.981071705533878125e+13 2.873931288191968747e-01 1.246904213698182495e+00 -1.780871468004005864e+00 9.131999863944939805e-06 8.821847769435922725e-23 3.512040854542850762e-09 8.086772917656438468e-09 nan nan nan nan
4.168693834702203906e+13 2.847110378862918734e-01 1.256280515213330728e+00 -1.775821856368473339e+00 7.310450440636144970e-06 6.467447710786912310e-23 2.696080939821628540e-09 6.207955781538658876e-09 nan nan nan nan
4.365158322400451562e+13 2.820427450990124485e-01 1.265696641165570790e+00 -1.770573780368955852e+00 5.821157391114399820e-06 4.716892517954304021e-23 2.058998263061665239e-09 4.741018707026423087e-09 nan nan nan nan
4.570881896147480469e+13 2.793884107336001010e-01 1.275152312140531263e+00 -1.765514411586855958e+00 4.610030538661887997e-06 3.420849706771785898e-23 1.563629999412457237e-09 3.600391127605412713e-09 nan nan nan nan
4.786300923225049219e+13 2.767483711923349188e-01 1.284646592894594930e+00 -1.760454086378403948e+00 3.630576161694433020e-06 2.467074913707258988e-23 1.180816293714241209e-09 2.718929995470890676e-09 nan nan nan nan
5.011872336271320312e+13 2.741223017811749152e-01 1.294180915316057279e+00 -1.755105281829453689e+00 2.842791635210931912e-06 1.769382879350640079e-23 8.867921105289568615e-10 2.041914294288704328e-09 nan nan nan nan
5.248074602496252344e+13 2.715101243193646652e-01 1.303755849992677796e+00 -1.749917476801030825e+00 2.212786268085734946e-06 1.261311393392861778e-23 6.619456289504237599e-10 1.524186137593813754e-09 nan nan nan nan
5.495408738574697656e+13 2.689122576342571902e-01 1.313370132386799449e+00 -1.744813909064133473e+00 1.712005494041088617e-06 8.936293818502552970e-24 4.910858714066998483e-10 1.130767006881057942e-09 nan nan nan nan
5.754399373369942188e+13 2.663285541639056064e-01 1.323024566360721854e+00 -1.739418223503886196e+00 1.316324248683981515e-06 6.293294765455111149e-24 3.621413145476722755e-10 8.338611924347379733e-10 nan nan nan nan
6.025595860741867969e+13 2.637587104378257830e-01 1.332720569380500431e+00 -1.734078127990480667e+00 1.005595205625155660e-06 4.403259340852792996e-24 2.653226125801555336e-10 6.109278925613006480e-10 nan nan nan nan
6.309573444800135938e+13 2.612031476837123334e-01 1.342456830795992984e+00 -1.728892908765709890e+00 7.631801220887080148e-07 3.060225003333590206e-24 1.930871441614702905e-10 4.445995797949938169e-10 nan nan nan nan
6.606934480074072656e+13 2.586619174290140100e-01 1.352233408090425915e+00 -1.723488830149149775e+00 5.753037126714536468e-07 2.112836853772110099e-24 1.395937465995817478e-10 3.214264799953852424e-10 nan nan nan nan
6.918309709187382031e+13 2.561345781560420698e-01 1.362052276710229215e+00 -1.717993955042694143e+00 4.306547058709628217e-07 1.448649889768206418e-24 1.002220859759661312e-10 2.307698811570272346e-10 nan nan nan nan
7.244359600747817188e+13 2.536214578409666798e-01 1.371912447060973150e+00 -1.712699033485270750e+00 3.200762801587017310e-07 9.860019048774567435e-25 7.142952365954639496e-11 1.644725563781370389e-10 nan nan nan nan
7.585775750289648438e+13 2.511227830056483867e-01 1.381813284136288011e+00 -1.707302934721218524e+00 2.361534446194177570e-07 6.662469211595649042e-25 5.053999738237366572e-11 1.163726445726117036e-10 nan nan nan nan
7.943282347240514062e+13 2.486381059379065284e-01 1.391756829520469196e+00 -1.701658795623635534e+00 1.729168097063607142e-07 4.468587042918392449e-25 3.549524857512135788e-11 8.173083024119259236e-11 nan nan nan nan
8.317637711024293750e+13 2.461675631223096128e-01 1.401742824024063472e+00 -1.696243230882609865e+00 1.256305749150636805e-07 2.973281926920060683e-25 2.473068188085727406e-11 5.694449943843991550e-11 nan nan nan nan
8.709635899558267188e+13 2.437115143061865108e-01 1.411770071596024190e+00 -1.690843081491516520e+00 9.055089991606437774e-08 1.962585760368676908e-25 1.709340739446888728e-11 3.935902505497825538e-11 nan nan nan nan
9.120108393556429688e+13 2.412696307896408376e-01 1.421840170924723701e+00 -1.685097777345753611e+00 6.473085484618910278e-08 1.285135644683371751e-25 1.172057637993537156e-11 2.698762445373730441e-11 nan nan nan nan
9.549925860211556250e+13 2.388417948242675948e-01 1.431953892575813070e+00 -1.679538182902023058e+00 4.588180669125895393e-08 8.342774899531830693e-26 7.967288175896289198e-12 1.834535898540652049e-11 nan nan nan nan
9.999999999997054688e+13 2.364284452316676444e-01 1.442109673989768970e+00 -1.674094231055406778e+00 3.224046886520379563e-08 5.368564518050653826e-26 5.368564518049072958e-12 1.236157663003656017e-11 nan nan nan nan
1.047128548050590156e+14 2.340294444653697181e-01 1.452308340491909489e+00 -1.668311419573540455e+00 2.245311769820680354e-08 3.424707587720702234e-26 3.586109083827817935e-12 8.257321318272468746e-12 nan nan nan nan
1.096478196142860000e+14 2.316444444112593370e-01 1.462551650091034716e+00 -1.662581810994684162e+00 1.549280893830759985e-08 2.164420097671873674e-26 2.373239444390608950e-12 5.464585766759288098e-12 nan nan nan nan
1.148153621496541250e+14 2.292738755741896006e-01 1.472838026816128743e+00 -1.657048200700832474e+00 1.058946694974869808e-08 1.354810931485596232e-26 1.555531077428289815e-12 3.581742670575347060e-12 nan nan nan nan
1.202264434617054062e+14 2.269178088295730478e-01 1.483167402706593307e+00 -1.651272362140935090e+00 7.167940152822343568e-09 8.399681044272943173e-27 1.009863778165639650e-12 2.325297281558847797e-12 nan nan nan nan
1.258925411793790312e+14 2.245757642445788960e-01 1.493542148802061931e+00 -1.645370286367897839e+00 4.803216633966589082e-09 5.155810416863830564e-27 6.490780752181011293e-13 1.494557500186467650e-12 nan nan nan nan
1.318256738556011094e+14 2.222480629187497947e-01 1.503961120402259599e+00 -1.639717178658316454e+00 3.185535563053183419e-09 3.131524680580480239e-27 4.128153512129678189e-13 9.505424738620813181e-13 nan nan nan nan
1.380384264602468906e+14 2.199349548328893567e-01 1.514423436196268957e+00 -1.633964922590594782e+00 2.090419038849528013e-09 1.882085596418905545e-27 2.598001341931610137e-13 5.982119161510253034e-13 nan nan nan nan
1.445439770745490625e+14 2.176359696544746258e-01 1.524931475940242365e+00 -1.627901078332793627e+00 1.356786525217119768e-09 1.119028409286776410e-27 1.617488167377169232e-13 3.724404142296928343e-13 nan nan nan nan
1.513561248435749062e+14 2.153512161836261263e-01 1.535485020023499070e+00 -1.622116027328067256e+00 8.707306630860288800e-10 6.577194039999956446e-28 9.954986022386502005e-14 2.292220241611125042e-13 nan nan nan nan
1.584893192460631250e+14 2.130810791150333228e-01 1.546082532580509650e+00 -1.616369095321756433e+00 5.523801390488827222e-10 3.821223820399915508e-28 6.056231619820232075e-14 1.394498864751725088e-13 nan nan nan nan
1.659586907437054062e+14 2.108252253859055902e-01 1.556725804455689532e+00 -1.610206537998099208e+00 3.462549205991541789e-10 2.194271617526865960e-28 3.641584447808313869e-14 8.385058064402377135e-14 nan nan nan nan
1.737800828748843125e+14 2.085834929419654593e-01 1.567415872135465627e+00 -1.604258680866465614e+00 2.143811845006630072e-10 1.244330565192340099e-28 2.162398687428764868e-14 4.979106982783365537e-14 nan nan nan nan
1.819700858609424375e+14 2.063563415417490887e-01 1.578150791287025401e+00 -1.598468334118380962e+00 1.310668231960291656e-10 6.966904463838835448e-29 1.267768203469736078e-14 2.919144166681256707e-14 nan nan nan nan
1.905460717962660000e+14 2.041436443903755227e-01 1.588931393759085431e+00 -1.592282410498725653e+00 7.909303733647671385e-11 3.851216719311106865e-29 7.338342175008341066e-15 1.689715729946371019e-14 nan nan nan nan
1.995262314968262500e+14 2.019450041188806944e-01 1.599759875486777450e+00 -1.586144212245995888e+00 4.708817721999292652e-11 2.100202449933188001e-29 4.190454802155709159e-15 9.648878760309049020e-15 nan nan nan nan
2.089296130853391250e+14 1.997608602414932544e-01 1.610634326644775127e+00 -1.580255437608562907e+00 2.764912151988969322e-11 1.129368625895148310e-29 2.359585500389944369e-15 5.433146398842782269e-15 nan nan nan nan
2.187761623948871875e+14 1.975913042238005846e-01 1.621554501601276455e+00 -1.574098039109306679e+00 1.600574350270987278e-11 5.988384624976731581e-30 1.310115807196954984e-15 3.016653127747570239e-15 nan nan nan nan
2.290867652767057812e+14 1.954358142997664471e-01 1.632523269066300964e+00 -1.567766321607972468e+00 9.129553182324663144e-12 3.129014474273820591e-30 7.168158044153816383e-16 1.650529385669393377e-15 nan nan nan nan
2.398832919018739375e+14 1.932947023663922903e-01 1.643539299421774347e+00 -1.561747552101363068e+00 5.129101904074509451e-12 1.609980504022586190e-30 3.862074232027761522e-16 8.892754554703551160e-16 nan nan nan nan
2.511886431508790938e+14 1.911682435841303984e-01 1.654601382200473481e+00 -1.555635171569669239e+00 2.837161183161170992e-12 8.156523303215511018e-31 2.048826021363230561e-16 4.717596254929274936e-16 nan nan nan nan
2.630267991894553125e+14 1.890559432655657679e-01 1.665712311606597495e+00 -1.549128738914335557e+00 1.544223987058168965e-12 4.067085851954420646e-31 1.069752573668290190e-16 2.463196329320619716e-16 nan nan nan nan
2.754228703337295938e+14 1.869578780798991924e-01 1.676871938409976837e+00 -1.542964625401323620e+00 8.266329557343488870e-13 1.994008378886483046e-31 5.491955111824221563e-17 1.264569397187890059e-16 nan nan nan nan
2.884031503125691250e+14 1.848744596729522682e-01 1.688078280616959859e+00 -1.536870369205333819e+00 4.350341549969651505e-13 9.610596156428182014e-32 2.771726207895756226e-17 6.382135448161684139e-17 nan nan nan nan
3.019951720401055625e+14 1.828053503497943377e-01 1.699333351518452329e+00 -1.530271667160825633e+00 2.249411543960725510e-13 4.552502086524917231e-32 1.374833650833031970e-17 3.165671469754720298e-17 nan nan nan nan
3.162277660167370625e+14 1.807503384000562485e-01 1.710638545745534200e+00 -1.523921678387774925e+00 1.142037615188183241e-13 2.117063955194011842e-32 6.694744050655598690e-18 1.541521785245015735e-17 nan nan nan nan
3.311311214824851250e+14 1.787099056920370688e-01 1.721991426388655988e+00 -1.517785218883024978e+00 5.690900990295731863e-14 9.661317114362052523e-33 3.199162771076633493e-18 7.366344506742580287e-18 nan nan nan nan
3.467368504524203125e+14 1.766839371922435398e-01 1.733392808190106438e+00 -1.511183743765079912e+00 2.781649403795509442e-14 4.326011411695549267e-33 1.499987571912543411e-18 3.453849022762156970e-18 nan nan nan nan
3.630780547699844375e+14 1.746719810491756675e-01 1.744845457938002387e+00 -1.504619327380846583e+00 1.332633717461847771e-14 1.898483067443702024e-33 6.892975391412124903e-19 1.587166238264035836e-18 nan nan nan nan
3.801893963204384375e+14 1.726744855848649229e-01 1.756347043105993322e+00 -1.498374446993838482e+00 6.254665406434646469e-15 8.160370920420121602e-34 3.102486493985386747e-19 7.143739152266112773e-19 nan nan nan nan
3.981071705533683125e+14 1.706915645245868085e-01 1.767897067364799346e+00 -1.491831202919713828e+00 2.874240350832965602e-15 3.434924541103984970e-34 1.367468090123234540e-19 3.148711639462798416e-19 nan nan nan nan
4.168693834701999375e+14 1.687226505390461151e-01 1.779499033244128947e+00 -1.485047646700788482e+00 1.292051459951945054e-15 1.414565144580169065e-34 5.896888996995692545e-20 1.357808869952289340e-19 nan nan nan nan
4.365158322400236875e+14 1.667680437420299422e-01 1.791151391692499262e+00 -1.478661137739175624e+00 5.678366175384840773e-16 5.693686121122550586e-35 2.485384135675282510e-20 5.722808461169797136e-20 nan nan nan nan
4.570881896147256250e+14 1.648280467869530364e-01 1.802852489172863226e+00 -1.472191986543692543e+00 2.438376305488929844e-16 2.239307221214089249e-35 1.023560883735929904e-20 2.356836032662164017e-20 nan nan nan nan
4.786300923224814375e+14 1.629021388708043472e-01 1.814605633498368231e+00 -1.465220419086979753e+00 1.022097050225752685e-16 8.599680472565234786e-36 4.116065858527739309e-21 9.477591887627712573e-21 nan nan nan nan
5.011872336271074375e+14 1.609903595351657446e-01 1.826410794454039532e+00 -1.458672034742466650e+00 4.178959887641628674e-17 3.220382279105863661e-36 1.614014485686827120e-21 3.716405694618940207e-21 nan nan nan nan
5.248074602495995000e+14 1.590931499248248449e-01 1.838265399720387716e+00 -1.452237873817980418e+00 1.665616507710170194e-17 1.175502072524951179e-36 6.169122571999600995e-22 1.420492967113936893e-21 nan nan nan nan
5.495408738574427500e+14 1.572101676799642911e-01 1.850171721180693618e+00 -1.445185911258553002e+00 6.465263955384408842e-18 4.180313909303487331e-37 2.297253358717061176e-22 5.289621338612409002e-22 nan nan nan nan
5.754399373369660000e+14 1.553411454413311521e-01 1.862131642248469943e+00 -1.438422418843265493e+00 2.441574498712306195e-18 1.446031365265018619e-37 8.321041982153897397e-23 1.915990722628519304e-22 nan nan nan nan
6.025595860741572500e+14 1.534865887292277964e-01 1.874142085614016295e+00 -1.431947808421688784e+00 8.965137758992514952e-19 4.862522776797456327e-38 2.929959711663236775e-23 6.746481555148902552e-23 nan nan nan nan
6.309573444799826250e+14 1.516463957345835500e-01 1.886203812129106039e+00 -1.424922392729947918e+00 3.197655306639410580e-19 1.588831244204342890e-38 1.002484742669998925e-23 2.308306424425911710e-23 nan nan nan nan
6.606934480073748750e+14 1.498200543067254031e-01 1.898320342982654063e+00 -1.417914791783942530e+00 1.106511752049050398e-19 5.036514266063496284e-39 3.327591976383824157e-24 7.662063680387989448e-24 nan nan nan nan
6.918309709187042500e+14 1.480080215091647278e-01 1.910488807300507519e+00 -1.411319758604784758e+00 3.712077006622689312e-20 1.547382349642266733e-39 1.070527033335475328e-24 2.464979588605405386e-24 nan nan nan nan
7.244359600747461250e+14 1.462104355689717028e-01 1.922708355493061960e+00 -1.404392969449564710e+00 1.206190471440667448e-20 4.605597726561129498e-40 3.336460610759379787e-25 7.682484465696357516e-25 nan nan nan nan
7.585775750289276250e+14 1.444266795392261105e-01 1.934983308237706368e+00 -1.397134019559440832e+00 3.790776556215279163e-21 1.326079511395164909e-40 1.005934180049689436e-25 2.316249047515603295e-25 nan nan nan nan
7.943282347240125000e+14 1.426570388232347997e-01 1.947311859229525322e+00 -1.390383450988078362e+00 1.151214250451066457e-21 3.688270397940654818e-41 2.929697314381031421e-26 6.745877363078453795e-26 nan nan nan nan
8.317637711023885000e+14 1.409018465690593525e-01 1.959691754634214300e+00 -1.383569510319939688e+00 3.375301048268398366e-22 9.904070324939333251e-42 8.237846882734797471e-27 1.896834343055261547e-26 nan nan nan nan
8.709635899557840000e+14 1.391605541616468267e-01 1.972126946515703638e+00 -1.376108613659189128e+00 9.539496595507102660e-23 2.564641130635551283e-42 2.233709046086600567e-27 5.143305151604957020e-27 nan nan nan nan
9.120108393555981250e+14 1.374331583946955537e-01 1.984617600836367401e+00 -1.369174804506646304e+00 2.595740725269468783e-23 6.391648608551818769e-43 5.829252812351384975e-28 1.342235062901391705e-27 nan nan nan nan
9.549925860211087500e+14 1.357201331730603644e-01 1.997160357832722610e+00 -1.362417137242798670e+00 6.794109036818803778e-24 1.532074784221926013e-43 1.463120060161829245e-28 3.368958439789179761e-28 nan nan nan nan
9.999999999996563750e+14 1.340211318144668984e-01 2.009757791356618473e+00 -1.354895042482034295e+00 1.707898713247723461e-24 3.528579364018846428e-44 3.528579364017633830e-29 8.124854243033414319e-29 nan nan nan nan
1.047128548050538750e+15 1.323358246290827489e-01 2.022412461227797387e+00 -1.347707509698477857e+00 4.116626234528917298e-25 7.790629192268875550e-45 8.157790234500648523e-30 1.878400618573359531e-29 nan nan nan nan
1.096478196142806125e+15 1.306647428801108457e-01 2.035120450824460914e+00 -1.340910946807360782e+00 9.505092956465652835e-26 1.647290651518782351e-45 1.806218282100222416e-30 4.158971291057286307e-30 nan nan nan nan
1.148153621496485000e+15 1.290078001563662591e-01 2.047882410120059227e+00 -1.333456716428747857e+00 2.099198168325571668e-26 3.332837996825437499e-46 3.826610015916216821e-31 8.811095179350390076e-31 nan nan nan nan
1.202264434616995000e+15 1.273644176920097904e-01 2.060702870835545486e+00 -1.325986901698412490e+00 4.425333824317312011e-27 6.436489372345692218e-47 7.738362256161490531e-32 1.781823757522522131e-31 nan nan nan nan
1.258925411793728500e+15 1.257350615118706105e-01 2.073578272193218996e+00 -1.319054692543582652e+00 8.894929743328442851e-28 1.184786979556093726e-47 1.491558436125502992e-32 3.434440220352094829e-32 nan nan nan nan
1.318256738555946500e+15 1.241198975288350520e-01 2.086507264983711085e+00 -1.311753707640495037e+00 1.702245078311930111e-28 2.076835311478714397e-48 2.737802144227753459e-33 6.304022404865959510e-33 nan nan nan nan
1.380384264602401000e+15 1.225182551375386952e-01 2.099495238569032640e+00 -1.303991310904923928e+00 3.094264122953294408e-29 3.458833226428476320e-49 4.774518959645822479e-34 1.099373618269791108e-33 nan nan nan nan
1.445439770745419500e+15 1.209304020772251770e-01 2.112540088314724063e+00 -1.296886261659436546e+00 5.334654776843358699e-30 5.461276181888093765e-50 7.893945792325746546e-35 1.817648190631233730e-34 nan nan nan nan
1.513561248435674750e+15 1.193567062641731347e-01 2.125638737879174567e+00 -1.289749981060857476e+00 8.711055606981611584e-31 8.167225700977378673e-51 1.236159632822725083e-35 2.846362743098600195e-35 nan nan nan nan
1.584893192460553500e+15 1.177965901781986707e-01 2.138795954039288905e+00 -1.281771881971630389e+00 1.343858121270799552e-31 1.154458722751923483e-51 1.829693770666228929e-36 4.213025601080125093e-36 nan nan nan nan
1.659586907436972500e+15 1.162500019263576490e-01 2.152012217943852779e+00 -1.274455514901971842e+00 1.954657344765404584e-32 1.537945562194982483e-52 2.552354319369587224e-37 5.877013007819375759e-37 nan nan nan nan
1.737800828748758000e+15 1.147174527484020462e-01 2.165283106453334216e+00 -1.267402923984461527e+00 2.676868133297163747e-33 1.928717949872360353e-53 3.351727651710793475e-38 7.717638126605212785e-38 nan nan nan nan
1.819700858609335000e+15 1.131985929498519339e-01 2.178611543061931055e+00 -1.259393771742753243e+00 3.442926892552910852e-34 2.272859037368568044e-54 4.135923541797570182e-39 9.523315893106221290e-39 nan nan nan nan
1.905460717962566250e+15 1.116930234198319771e-01 2.192001033050664738e+00 -1.251772642115243972e+00 4.147469594329152568e-35 2.507987054872758324e-55 4.778870814218668301e-40 1.100375669816422414e-39 nan nan nan nan
1.995262314968164750e+15 1.102013042356045913e-01 2.205446547164532145e+00 -1.244682004234367811e+00 4.672519771356201406e-36 2.587325808032050325e-56 5.162393681310906469e-41 1.188685073475314911e-40 nan nan nan nan
2.089296130853288750e+15 1.087233676993595161e-01 2.218948533723485106e+00 -1.236799787719769839e+00 4.911211268010093447e-37 2.491348104620681632e-57 5.205163955592664809e-42 1.198533293073759084e-41 nan nan nan nan
2.187761623948764500e+15 1.072585618213470204e-01 2.232512893858225489e+00 -1.228846176233981069e+00 4.799539394928443780e-38 2.230488607193453514e-58 4.879777377472767527e-43 1.123610264649837402e-42 nan nan nan nan
2.290867652766945500e+15 1.058073622692901061e-01 2.246135175312719667e+00 -1.221600242315381557e+00 4.353134473974169191e-39 1.852574326992048351e-59 4.244002600052577383e-44 9.772177121509035824e-44 nan nan nan nan
2.398832919018621500e+15 1.043699670112874511e-01 2.259813317224889317e+00 -1.213945455596565193e+00 3.656104585469142148e-40 1.425139888280434838e-60 3.418672478213627428e-45 7.871784286163711249e-45 nan nan nan nan
2.511886431508668000e+15 1.029456476970622286e-01 2.273554122292594126e+00 -1.205645484389503697e+00 2.832174460120180515e-41 1.011515219258078646e-61 2.540811354518883098e-46 5.850434349025189857e-46 nan nan nan nan
2.630267991894424000e+15 1.015346510702308663e-01 2.287355148906061064e+00 -1.198204096544008390e+00 2.018594789023588165e-42 6.602355583713800535e-63 1.736596456294783464e-47 3.998661112810654763e-47 nan nan nan nan
2.754228703337160500e+15 1.001373851663028142e-01 2.301212184201736122e+00 -1.190782441474923514e+00 1.320919985872404480e-43 3.956502756658781676e-64 1.089711345722221772e-48 2.509153100326468961e-48 nan nan nan nan
2.884031503125550000e+15 9.875324271467790516e-02 2.315131038123057206e+00 -1.182253034403443870e+00 7.902614359791413171e-45 2.168944229846237048e-65 6.255303487398931417e-50 1.440336856223844789e-49 nan nan nan nan
3.019951720400907500e+15 9.738211623226493419e-02 2.329112696770705870e+00 -1.174560409137959782e+00 4.307583605504248044e-46 1.082792772696331612e-66 3.269981896741955695e-51 7.529411569798422517e-51 nan nan nan nan
3.162277660167215000e+15 9.602455976653326286e-02 2.343151289332057630e+00 -1.167256320999012331e+00 2.134755013273039870e-47 4.913533710207643455e-68 1.553795788426816049e-52 3.577747019988517284e-52 nan nan nan nan
3.311311214824688500e+15 9.468022255788026420e-02 2.357250143706667522e+00 -1.158740333867180450e+00 9.578780868333145375e-49 2.020084077009955692e-69 6.689127059091846024e-54 1.540228425140798761e-53 nan nan nan nan
3.467368504524033000e+15 9.334862795585877060e-02 2.371414106950745726e+00 -1.150673434407827100e+00 3.873208558330119632e-50 7.482188730959219858e-71 2.594350555063264187e-55 5.973712914089500775e-55 nan nan nan nan
3.630780547699666000e+15 9.203036862622221426e-02 2.385636662638771721e+00 -1.143328358616891638e+00 1.408088041576585731e-51 2.490629236346019852e-72 9.042928182857203089e-57 2.082211163086273018e-56 nan nan nan nan
3.801893963204197500e+15 9.072539987415113860e-02 2.399917918351783364e+00 -1.135022394497320120e+00 4.584566115656786099e-53 7.428754886284178249e-74 2.824333835628750223e-58 6.503268987557456659e-58 nan nan nan nan
3.981071705533487500e+15 8.943298924858013310e-02 2.414265657614290017e+00 -1.126553483750759810e+00 1.328880294428749695e-54 1.972746711816778033e-75 7.853646116597999432e-60 1.808368847372913302e-59 nan nan nan nan
4.168693834701795000e+15 8.815362298608668545e-02 2.428674270743635955e+00 -1.119025649833158997e+00 3.419272113559810499e-56 4.647942055261451199e-77 1.937584738981959998e-61 4.461453736392620512e-61 nan nan nan nan
4.365158322400023000e+15 8.688753673730774396e-02 2.443140677740974098e+00 -1.111047593762125363e+00 7.781958499956772688e-58 9.688445343704478225e-79 4.229159782318935693e-63 9.738000270657525876e-63 nan nan nan nan
4.570881896147032000e+15 8.563394036007732080e-02 2.457673574885995027e+00 -1.102160123854945217e+00 1.555851248392028567e-59 1.774891492251383131e-80 8.112819389557236447e-65 1.868045698854754706e-64 nan nan nan nan
4.786300923224579000e+15 8.439305594150967038e-02 2.472270156339576364e+00 -1.094405597468790514e+00 2.721405019300882935e-61 2.842940807529247665e-82 1.360717021175006897e-66 3.133166728740834545e-66 nan nan nan nan
5.011872336270829000e+15 8.316533854551019789e-02 2.486924621978848560e+00 -1.086750008217085117e+00 4.150663470944463327e-63 3.970392214127953148e-84 1.989909890213297496e-68 4.581936849606557272e-68 nan nan nan nan
5.248074602495737000e+15 8.195015105590867932e-02 2.501644130524824927e+00 -1.077620077905414808e+00 5.480432091038862307e-65 4.803946809243494244e-86 2.521147124133121473e-70 5.805155785273735458e-70 nan nan nan nan
5.495408738574158000e+15 8.074732283369032149e-02 2.516430471191318130e+00 -1.069555746639825777e+00 6.226965355551166244e-67 4.998939511719784632e-88 2.747121587630853767e-72 6.325481216320940798e-72 nan nan nan nan
5.754399373369378000e+15 7.955745777836956134e-02 2.531275779021601391e+00 -1.062059422636671524e+00 6.068701666766281658e-69 4.460467836754082307e-90 2.566731332475195559e-74 5.910117303878129639e-74 nan nan nan nan
6.025595860741277000e+15 7.838020734783605892e-02 2.546183840796492515e+00 -1.053008319035181994e+00 5.037838517156250207e-71 3.392755052295262751e-92 2.044337079961938932e-76 4.707260085375337155e-76 nan nan nan nan
6.309573444799517000e+15 7.721500851191821779e-02 2.561161430070589606e+00 -1.044473886674801122e+00 3.532577451868653258e-73 2.179211990209198696e-94 1.374989810401266525e-78 3.166031040448665786e-78 nan nan nan nan
6.606934480073424000e+15 7.606249154320122996e-02 2.576200019416632347e+00 -1.036926855286682603e+00 2.084881703331758230e-75 1.177503122283120975e-96 7.779685979006465619e-81 1.791338896343507604e-80 nan nan nan nan
6.918309709186703000e+15 7.492264061259482077e-02 2.591299156263954462e+00 -1.028203267253257724e+00 1.029066309542598108e-77 5.324142493666957355e-99 3.683406670702961557e-83 8.481357291395467521e-83 nan nan nan nan
7.244359600747106000e+15 7.379463525884763508e-02 2.606469242987516477e+00 -1.019168687405726637e+00 4.203053002872252974e-80 1.992308220306492508e-101 1.443299718342471953e-85 3.323320416177881094e-85 nan nan nan nan
7.585775750288904000e+15 7.267897379132159941e-02 2.621703155100882032e+00 -1.011399917545802829e+00 1.413825299309044449e-82 6.136028517339977125e-104 4.654653632991877556e-88 1.071773606837767560e-87 nan nan nan nan
7.943282347239735000e+15 7.157593691043319384e-02 2.636996338171884613e+00 -1.003141979190041777e+00 3.894563391852227556e-85 1.547925774775655524e-106 1.229561148161285476e-90 2.831169170680819469e-90 nan nan nan nan
8.317637711023477000e+15 7.048466888766215244e-02 2.652360055398683247e+00 -9.935907838987476648e-01 8.678928119079646236e-88 3.161038409621333795e-109 2.629237228186008198e-93 6.054042447566087516e-93 nan nan nan nan
8.709635899557412000e+15 6.940536297092056439e-02 2.667791138216984326e+00 -9.855507329650753379e-01 1.553657615374071790e-90 5.181503787712661163e-112 4.512901140315489805e-96 1.039133889184627802e-95 nan nan nan nan
9.120108393555534000e+15 6.833852976716243977e-02 2.683281546030032327e+00 -9.777303520935081149e-01 2.222747543730322746e-93 6.786930002798534034e-115 6.189753728499679231e-99 1.425243466454767700e-98 nan nan nan nan
9.549925860210618000e+15 6.728350272566065160e-02 2.698840202757329720e+00 -9.679248513834094458e-01 2.509587178652617706e-96 7.022410600048430879e-118 6.706350059041967723e-102 1.544194167434977566e-101 nan nan nan nan
9.999999999996074000e+15 6.624003900776405385e-02 2.714470180019979306e+00 -9.594834313195229614e-01 2.212137192172344631e-99 5.668868078397899221e-121 5.668868078395673631e-105 1.305305113146368004e-104 nan nan nan nan
1.047128548050487400e+16 6.520880024737377156e-02 2.730160846038351963e+00 -9.518697315230835176e-01 1.514941044129228006e-102 3.553836761094916614e-124 3.721323927653767101e-108 8.568665002017618102e-108 nan nan nan nan
1.096478196142752400e+16 6.418944386385180834e-02 2.745916507602325751e+00 -9.422327058652958387e-01 7.964619803961183932e-106 1.712006767670403422e-127 1.877178092399428208e-111 4.322362292453922941e-111 nan nan nan nan
1.148153621496428600e+16 6.318130934167051627e-02 2.761746759833216824e+00 -9.331794839070852721e-01 3.165785695100812425e-109 6.233449475943203855e-131 7.156957590219204154e-115 1.647950385842933048e-114 nan nan nan nan
1.202264434616936200e+16 6.218506923103066242e-02 2.777640352569491711e+00 -9.254831830370054968e-01 9.461044930291821333e-113 1.705297801676503692e-134 2.050218897386105981e-118 4.720803470495936930e-118 nan nan nan nan
1.258925411793666800e+16 6.120074216876306150e-02 2.793595962596814530e+00 -9.163282304750572926e-01 2.103464728164999122e-116 3.473031395208433156e-138 4.372287479385109685e-122 1.006756397231666558e-121 nan nan nan nan
1.318256738555881800e+16 6.022740926812140960e-02 2.809627726829363681e+00 -9.066169612486566498e-01 3.411811541861348322e-120 5.161523424028177386e-142 6.804213034939173064e-126 1.566727950380671525e-125 nan nan nan nan
1.380384264602333400e+16 5.926557996455472654e-02 2.825726580544708710e+00 -8.986231244138797036e-01 4.005887992590354271e-124 5.548133700006991030e-146 7.658556457399573600e-130 1.763447793266154699e-129 nan nan nan nan
1.445439770745348600e+16 5.831558600977251178e-02 2.841885879849531005e+00 -8.901005328820760232e-01 3.373744828457370932e-128 4.278762311703681709e-150 6.184693214902807918e-134 1.424078240137662576e-133 nan nan nan nan
1.513561248435600400e+16 5.737649888292014472e-02 2.858120486621613665e+00 -8.797105072394052483e-01 1.993184043782335691e-132 2.316790322845704742e-154 3.506604053409862446e-138 8.074254220414046579e-138 nan nan nan nan
1.584893192460475600e+16 5.644847394028351673e-02 2.874427022582116464e+00 -8.713459020038502034e-01 8.157342860161655011e-137 8.681564159173276817e-159 1.375935193578257920e-142 3.168207865659173525e-142 nan nan nan nan
1.659586907436891000e+16 5.553208319206895394e-02 2.890794349718270873e+00 -8.633709104432710779e-01 2.294522167672779902e-141 2.235453097132657323e-163 3.709928692190606610e-147 8.542426502708986965e-147 nan nan nan nan
1.737800828748672600e+16 5.462662690531695092e-02 2.907233842846195682e+00 -8.526746881101838760e-01 4.336193498179038764e-146 3.872136555705821190e-168 6.729002115533606941e-152 1.549409996195308281e-151 nan nan nan nan
1.819700858609245600e+16 5.373177431546635741e-02 2.923750751978787310e+00 -8.437141043807543372e-01 5.395726654984824530e-151 4.412659839050091597e-173 8.029720897869986941e-157 1.848911564033819797e-156 nan nan nan nan
1.905460717962472800e+16 5.284824867676846810e-02 2.940330704835228293e+00 -8.359418309386285051e-01 4.388934255642073180e-156 3.285278360722162800e-178 6.259968863928227864e-162 1.441411098868801009e-161 nan nan nan nan
1.995262314968066800e+16 5.197571321501515129e-02 2.956978723061596259e+00 -8.254797233345140262e-01 2.284981702276267316e-161 1.567437944076040825e-183 3.127449860865948469e-167 7.201219428716236326e-167 nan nan nan nan
2.089296130853186400e+16 5.111339258456666645e-02 2.973708730307309978e+00 -8.156385671932251391e-01 7.395170727205292934e-167 4.647472966154930765e-189 9.709947286432278921e-173 2.235797987549695160e-172 nan nan nan nan
2.187761623948657200e+16 5.026200414016457341e-02 2.990505872210749150e+00 -8.076613652282098599e-01 1.475101725554719197e-172 8.485428451530643417e-195 1.856409472902081972e-178 4.274540778797268161e-178 nan nan nan nan
2.290867652766833200e+16 4.942160800685956729e-02 3.007367541377969911e+00 -7.978489557408322552e-01 1.781121933435855928e-178 9.386094510759978557e-201 2.150230030051236961e-184 4.951087613704117823e-184 nan nan nan nan
2.398832919018503600e+16 4.859118003963605603e-02 3.024313245211222245e+00 -7.870877928938326829e-01 1.254083256158648861e-184 6.056681293614176691e-207 1.452896646712526076e-190 3.345418160381299368e-190 nan nan nan nan
2.511886431508544400e+16 4.777125146466818656e-02 3.041331254212133572e+00 -7.787198868328752965e-01 5.081819578771068156e-191 2.246812017150255173e-213 5.643736620030069040e-197 1.299518381006583911e-196 nan nan nan nan
2.630267991894294800e+16 4.696223510804314882e-02 3.058411508597437933e+00 -7.698609764719548387e-01 1.168310119103976454e-197 4.729707058895803166e-220 1.244039708805013531e-203 2.864507288587077804e-203 nan nan nan nan
2.754228703337025600e+16 4.616315910888200286e-02 3.075573220890069681e+00 -7.583932668611172989e-01 1.461650872934782526e-204 5.424344205804205069e-227 1.493988450840582291e-210 3.440035536010792788e-210 nan nan nan nan
2.884031503125408400e+16 4.537418638031549822e-02 3.092811917570215563e+00 -7.498558585213940253e-01 9.733090598178365553e-212 3.306779775534655568e-234 9.536857046539912800e-218 2.195942486937802686e-217 nan nan nan nan
3.019951720400759200e+16 4.459603773128737597e-02 3.110110264008298930e+00 -7.422410991384310597e-01 3.416020753839925907e-219 1.062043318703321859e-241 3.207319547458228745e-225 7.385126178445727330e-225 nan nan nan nan
3.162277660167060000e+16 4.382808435234503142e-02 3.127480471818568031e+00 -7.312235316512313288e-01 6.074428039753842051e-227 1.730777609067491351e-249 5.473199367871484705e-233 1.260250727544531632e-232 nan nan nan nan
3.311311214824526400e+16 4.307002648702105974e-02 3.144927964940196663e+00 -7.229124850601437169e-01 5.283802420334777382e-235 1.378067400131764583e-257 4.563210036840390128e-241 1.050717940702949302e-240 nan nan nan nan
3.467368504523862800e+16 4.232281938333039284e-02 3.162428873062053558e+00 -7.169262963087305041e-01 2.238197613465840155e-243 5.337802831519146368e-266 1.850812942136778254e-249 4.261654290484597014e-249 nan nan nan nan
3.630780547699488000e+16 4.158632158702702669e-02 3.179983973788282015e+00 -7.080226189189774422e-01 4.477277894554787461e-252 9.776165515174061823e-275 3.549511158358452637e-258 8.173051480652200883e-258 nan nan nan nan
3.801893963204011200e+16 4.085982555689727375e-02 3.197607958889653101e+00 -7.005143492198271371e-01 4.027666291109726876e-261 8.046895317529624554e-284 3.059344273025050286e-267 7.044400517404187542e-267 nan nan nan nan
3.981071705533292000e+16 4.014429957404030275e-02 3.215274826899856997e+00 -6.964113010210222221e-01 1.625908899239684715e-270 2.967873014068281961e-293 1.181531528192304730e-276 2.720576883718075082e-276 nan nan nan nan
4.168693834701590400e+16 3.944004110218377046e-02 3.232973707103626637e+00 -6.907747188675250616e-01 2.891207023125400266e-280 4.824914936698487363e-303 2.011359314957459776e-286 4.631325975275763061e-286 nan nan nan nan
4.365158322399808800e+16 3.874606699588285796e-02 3.250726025214380144e+00 -6.842768241923868899e-01 2.130358998629462033e-290 3.251498848783960316e-313 1.419330726004270301e-296 3.268129771725849369e-296 nan nan nan nan
4.570881896146807200e+16 3.806304357775632669e-02 3.268511452424995856e+00 -6.817440849475626674e-01 6.447921327439939649e-301 9.881312916824930884e-324 4.516631432167667826e-307 1.039992820625762003e-306 nan nan nan nan
4.786300923224344000e+16 3.739153126243512787e-02 3.286311037035626548e+00 -6.792175702698042272e-01 7.950441566328537292e-312 0.000000000000000000e+00 0.000000000000000000e+00 0.000000000000000000e+00 nan nan nan nan
5.011872336270582400e+16 3.673049559430569683e-02 3.304147926339174646e+00 -6.731176166609421641e-01 5.434722104253711986e-323 0.000000000000000000e+00 0.000000000000000000e+00 0.000000000000000000e+00 nan nan nan nan
5.248074602495480000e+16 3.608000316640955218e-02 3.322016496026920951e+00 -6.710829737227379521e-01 0.000000000000000000e+00 0.000000000000000000e+00 0.000000000000000000e+00 0.000000000000000000e+00 nan nan nan nan
5.495408738573888000e+16 3.544075467402754698e-02 3.339892859058109842e+00 -6.702776806900259121e-01 0.000000000000000000e+00 0.000000000000000000e+00 0.000000000000000000e+00 0.000000000000000000e+00 nan nan nan nan
5.754399373369095200e+16 3.481192498783298311e-02 3.357795278836204655e+00 -6.642322517158457673e-01 0.000000000000000000e+00 0.000000000000000000e+00 0.000000000000000000e+00 0.000000000000000000e+00 nan nan nan nan
6.025595860740980800e+16 3.419287431360587548e-02 3.375738010025500113e+00 -6.609682953967913610e-01 0.000000000000000000e+00 0.000000000000000000e+00 0.000000000000000000e+00 0.000000000000000000e+00 nan nan nan nan
6.309573444799207200e+16 3.358436432326126347e-02 3.393694667842724666e+00 -6.600593533278718006e-01 0.000000000000000000e+00 0.000000000000000000e+00 0.000000000000000000e+00 0.000000000000000000e+00 nan nan nan nan
6.606934480073100000e+16 3.298595975912203826e-02 3.411673269895014293e+00 -6.540185310283350706e-01 0.000000000000000000e+00 0.000000000000000000e+00 0.000000000000000000e+00 0.000000000000000000e+00 nan nan nan nan
6.918309709186363200e+16 3.239647062533628635e-02 3.429705793434081329e+00 -6.482123261875591957e-01 0.000000000000000000e+00 0.000000000000000000e+00 0.000000000000000000e+00 0.000000000000000000e+00 nan nan nan nan
7.244359600746750400e+16 3.181657280671746496e-02 3.447767967507436637e+00 -6.456804740632433592e-01 0.000000000000000000e+00 0.000000000000000000e+00 0.000000000000000000e+00 0.000000000000000000e+00 nan nan nan nan
7.585775750288531200e+16 3.124628394960372868e-02 3.465854823483191627e+00 -6.397874797040201678e-01 0.000000000000000000e+00 0.000000000000000000e+00 0.000000000000000000e+00 0.000000000000000000e+00 nan nan nan nan
7.943282347239345600e+16 3.068417978428313042e-02 3.484008073683013240e+00 -6.308309462354436681e-01 0.000000000000000000e+00 0.000000000000000000e+00 0.000000000000000000e+00 0.000000000000000000e+00 nan nan nan nan
8.317637711023068800e+16 3.013066062385620289e-02 3.502212000296815564e+00 -6.260694157093829038e-01 0.000000000000000000e+00 0.000000000000000000e+00 0.000000000000000000e+00 0.000000000000000000e+00 nan nan nan nan
8.709635899556984000e+16 2.958614604277086391e-02 3.520449066312187014e+00 -6.204117666431008260e-01 0.000000000000000000e+00 0.000000000000000000e+00 0.000000000000000000e+00 0.000000000000000000e+00 nan nan nan nan
9.120108393555086400e+16 2.904935620495041268e-02 3.538758957549396289e+00 -6.084846634959681921e-01 0.000000000000000000e+00 0.000000000000000000e+00 0.000000000000000000e+00 0.000000000000000000e+00 nan nan nan nan
9.549925860210150400e+16 2.852018499862957884e-02 3.557143196829114284e+00 -6.013685235074975877e-01 0.000000000000000000e+00 0.000000000000000000e+00 0.000000000000000000e+00 0.000000000000000000e+00 nan nan nan nan
