# [1] m:            [M_sun/h] 
# [2] sigma 
# [3] ln(1/sigma) 
# [4] n_eff 
# [5] f(sigma) 
# [6] dn/dm:        [h^4/(Mpc^3*M_sun)] 
# [7] dn/dlnm:      [h^3/Mpc^3] 
# [8] dn/dlog10m:   [h^3/Mpc^3] 
# [9] n(>m):        [h^3/Mpc^3] 
# [11] rho(>m):     [M_sun*h^2/Mpc^3] 
# [11] rho(<m):     [M_sun*h^2/Mpc^3] 
# [12] Lbox(N=1):   [Mpc/h]
1.000000000000000000e+08 8.306737101896796149e-01 1.855182084172800616e-01 -2.515308955417428827e+00 1.764812956956023637e-01 1.074256145055256887e-07 1.074256145055256972e+01 2.473566185661483985e+01 nan nan nan nan
1.047128548050898463e+08 8.275853217699912223e-01 1.892430691670276832e-01 -2.514074617330376960e+00 1.750569268906989051e-01 9.743007862888944320e-08 1.020218167711538726e+01 2.349139144574288451e+01 nan nan nan nan
1.096478196143182814e+08 8.245005474482025587e-01 1.929774730067152499e-01 -2.512828306178043647e+00 1.736264683693757027e-01 8.835724085257718693e-08 9.688178806622257611e+00 2.230785609838925510e+01 nan nan nan nan
1.148153621496879309e+08 8.214194470395863590e-01 1.967214022595558387e-01 -2.511591878762228447e+00 1.721900526773164075e-01 8.011892309400107239e-08 9.198883170080728533e+00 2.118121125962169771e+01 nan nan nan nan
1.202264434617408216e+08 8.183420874010373103e-01 2.004748300437667885e-01 -2.510348212483964225e+00 1.707478193386756382e-01 7.264181348102126863e-08 8.733466881434326368e+00 2.010955065134787745e+01 nan nan nan nan
1.258925411794161052e+08 8.152684021741959386e-01 2.042378921366788391e-01 -2.509084975125667416e+00 1.692998487145769004e-01 6.585777617692961968e-08 8.291002799338881957e+00 1.909073945172961473e+01 nan nan nan nan
1.318256738556399345e+08 8.121984095407993598e-01 2.080106219431357983e-01 -2.507830941456313134e+00 1.678462637911268263e-01 5.969942567534516960e-08 7.869917018447068813e+00 1.812115360977636769e+01 nan nan nan nan
1.380384264602875412e+08 8.091321999601092108e-01 2.117929637038873381e-01 -2.506576372009171827e+00 1.663872253747224750e-01 5.411081676124290414e-08 7.469372000202922912e+00 1.719886462169436925e+01 nan nan nan nan
1.445439770745916069e+08 8.060697336223043852e-01 2.155850220761704739e-01 -2.505298897524887991e+00 1.649228358662426230e-01 4.904196235744649867e-08 7.088720282687731356e+00 1.632238165132130803e+01 nan nan nan nan
1.513561248436194658e+08 8.030109818502915164e-01 2.193868891011310218e-01 -2.504025475483429908e+00 1.634532058757136586e-01 4.444234641412069412e-08 6.726621332199036019e+00 1.548861800573724956e+01 nan nan nan nan
1.584893192461097836e+08 7.999560442675345273e-01 2.231984974893050089e-01 -2.502757449549318114e+00 1.619785110801685579e-01 4.026890825382784066e-08 6.382191855933226243e+00 1.469553982809985015e+01 nan nan nan nan
1.659586907437542677e+08 7.969049194856923091e-01 2.270199053189193295e-01 -2.501468314014403838e+00 1.604988822183454067e-01 3.648454599117295021e-08 6.054927485075350724e+00 1.394198576629443131e+01 nan nan nan nan
1.737800828749355078e+08 7.938575414406174868e-01 2.308512526730191472e-01 -2.500174582073259710e+00 1.590144217257077608e-01 3.305209706535570390e-08 5.743796167207927184e+00 1.322557943180930984e+01 nan nan nan nan
1.819700858609960079e+08 7.908139995582317283e-01 2.346924848097067806e-01 -2.498890403617376688e+00 1.575253110264094314e-01 2.993830668585410307e-08 5.447876238157702389e+00 1.254419861445840567e+01 nan nan nan nan
1.905460717963221073e+08 7.877743332656541586e-01 2.385436092430840149e-01 -2.497591125212562879e+00 1.560317110168676635e-01 2.711529544349528723e-08 5.166713032354738999e+00 1.189679640807808525e+01 nan nan nan nan
1.995262314968850315e+08 7.847384601599710630e-01 2.424047884845113854e-01 -2.496277116387093820e+00 1.545337260243254407e-01 2.455608480330773535e-08 4.899583061121919769e+00 1.128170691842546702e+01 nan nan nan nan
2.089296130854006708e+08 7.817064391687748026e-01 2.462760063984850978e-01 -2.494974818126038496e+00 1.530315332381009530e-01 2.223505104123518180e-08 4.645560610979401872e+00 1.069679861144148347e+01 nan nan nan nan
2.187761623949516118e+08 7.786783450244599836e-01 2.501572259235945728e-01 -2.493665271822218976e+00 1.515253215813525678e-01 2.013108105221220217e-08 4.404200657464709678e+00 1.014104678043281638e+01 nan nan nan nan
2.290867652767732441e+08 7.756541049229396245e-01 2.540485992496895884e-01 -2.492332652455933939e+00 1.500152101346896028e-01 1.822462887989480800e-08 4.175021278464765118e+00 9.613341758725912456e+00 nan nan nan nan
2.398832919019445777e+08 7.726337308452773112e-01 2.579501708299801743e-01 -2.491010466691205849e+00 1.485013634062271604e-01 1.649618278762686661e-08 3.957158630912129382e+00 9.111694474150997536e+00 nan nan nan nan
2.511886431509530842e+08 7.696173221998846570e-01 2.618618718279595581e-01 -2.489688727749388431e+00 1.469839934759638589e-01 1.492964124238129364e-08 3.750156326404266771e+00 8.635054053575778710e+00 nan nan nan nan
2.630267991895327568e+08 7.666048374280496347e-01 2.657838158181151100e-01 -2.488340752665797684e+00 1.454632452712144308e-01 1.351071296647748710e-08 3.553679586341090602e+00 8.182649640786243239e+00 nan nan nan nan
2.754228703338106871e+08 7.635962375483346110e-01 2.697161143973527131e-01 -2.486996708466756800e+00 1.439392681597599088e-01 1.222485198125036596e-08 3.367003822081948261e+00 7.752812808779871112e+00 nan nan nan nan
2.884031503126540780e+08 7.605916299701644956e-01 2.736586880579093273e-01 -2.485659842540461462e+00 1.424122892057822498e-01 1.105966745127409155e-08 3.189642934357769466e+00 7.344424272625985850e+00 nan nan nan nan
3.019951720401945114e+08 7.575910163626543570e-01 2.776115952024149069e-01 -2.484299448456251724e+00 1.408824856173249984e-01 1.000457786715671143e-08 3.021334214181513378e+00 6.956879122527232617e+00 nan nan nan nan
3.162277660168301463e+08 7.545943188270984869e-01 2.815750002013140962e-01 -2.482932715939598634e+00 1.393499972831662714e-01 9.048950072187876141e-09 2.861529266125805826e+00 6.588914631347472906e+00 nan nan nan nan
3.311311214825826287e+08 7.516016311105638836e-01 2.855488412608231386e-01 -2.481577724672686003e+00 1.378150552160279652e-01 8.183224856276420762e-09 2.709720424002957095e+00 6.239361854490714343e+00 nan nan nan nan
3.467368504525224566e+08 7.486129996108326079e-01 2.895331184330436902e-01 -2.480206547840943188e+00 1.362778700199219484e-01 7.399464806945511230e-09 2.565667122194568606e+00 5.907666869150147271e+00 nan nan nan nan
3.630780547700913548e+08 7.456283317156895407e-01 2.935280177869611373e-01 -2.478817359461825465e+00 1.347385841751786995e-01 6.689999554867740892e-09 2.428992024794156546e+00 5.592960827292448478e+00 nan nan nan nan
3.801893963205503821e+08 7.426476852749783752e-01 2.975335253565635774e-01 -2.477442093342166807e+00 1.331974209624709748e-01 6.047479525426492401e-09 2.299187590032786499e+00 5.294075070806400163e+00 nan nan nan nan
3.981071705534855127e+08 7.396711445623613823e-01 3.015495907985807911e-01 -2.476059821076940892e+00 1.316546210705904218e-01 5.465903739030852890e-09 2.176015472063289824e+00 5.010460788097333307e+00 nan nan nan nan
4.168693834703227282e+08 7.366986307555450919e-01 3.055763839138759264e-01 -2.474650431816937779e+00 1.301103441332584210e-01 4.939743206924056694e-09 2.059227705172146372e+00 4.741547017009722254e+00 nan nan nan nan
4.365158322401522398e+08 7.337301488288543450e-01 3.096139626128207589e-01 -2.473252861906702016e+00 1.285647964409832034e-01 4.463426820141616694e-09 1.948356473037134107e+00 4.486256570653760711e+00 nan nan nan nan
4.570881896148602366e+08 7.307658084694457212e-01 3.136622420130819044e-01 -2.471857108462265362e+00 1.270182423314644704e-01 4.032382349154408427e-09 1.843154347809905724e+00 4.244019725354251982e+00 nan nan nan nan
4.786300923226223588e+08 7.278055674279327869e-01 3.177213441659373916e-01 -2.470431405218440180e+00 1.254708703929403868e-01 3.642581690388865391e-09 1.743449210763516444e+00 4.014440163096307579e+00 nan nan nan nan
5.011872336272550821e+08 7.248493754755063190e-01 3.217914036769567443e-01 -2.469009371830007016e+00 1.239228681308012781e-01 3.289898352778021437e-09 1.648855054343679960e+00 3.796629068639644888e+00 nan nan nan nan
5.248074602497540712e+08 7.218973484838528965e-01 3.258723268125261474e-01 -2.467596720570812696e+00 1.223745133134171020e-01 2.970816771550850912e-09 1.559106804744975872e+00 3.589976086991359949e+00 nan nan nan nan
5.495408738576046228e+08 7.189494925906830813e-01 3.299641704730382208e-01 -2.466158012431885371e+00 1.208260296052645205e-01 2.682362079782250071e-09 1.474067601326039423e+00 3.394166084878828649e+00 nan nan nan nan
5.754399373371354342e+08 7.160057174889544740e-01 3.340671267336050576e-01 -2.464710797397805297e+00 1.192775930718444621e-01 2.421539276609024770e-09 1.393450409591309391e+00 3.208538140951396667e+00 nan nan nan nan
6.025595860743346214e+08 7.130661211633635421e-01 3.381811263131024314e-01 -2.463277905994488926e+00 1.177294818853732300e-01 2.185641224317341375e-09 1.316979071431659154e+00 3.032456377663679259e+00 nan nan nan nan
6.309573444801684618e+08 7.101307583685715352e-01 3.423061591870858456e-01 -2.461827884070452388e+00 1.161819547266616376e-01 1.972441078543069951e-09 1.244526185061134882e+00 2.865627441562518474e+00 nan nan nan nan
6.606934480075694323e+08 7.071995264744385112e-01 3.464424372369274141e-01 -2.460355992890875143e+00 1.146351903062303584e-01 1.779792950447948517e-09 1.175897541171020189e+00 2.707604149188743481e+00 nan nan nan nan
6.918309709189080000e+08 7.042724815083992729e-01 3.505899501105361193e-01 -2.458900513103595920e+00 1.130894539390836784e-01 1.605622319774859924e-09 1.110819248418910776e+00 2.557755842420233794e+00 nan nan nan nan
7.244359600749595165e+08 7.013497183428826220e-01 3.547486314093473703e-01 -2.457438569341137580e+00 1.115450344723815240e-01 1.448249299621833933e-09 1.049163871799430936e+00 2.415789091313286008e+00 nan nan nan nan
7.585775750291509628e+08 6.984311531081934810e-01 3.589186690538233027e-01 -2.455944964203221836e+00 1.100021291742274282e-01 1.306135078499248079e-09 9.908047805084693183e-01 2.281412317666039247e+00 nan nan nan nan
7.943282347242463827e+08 6.955167827924005897e-01 3.631001373671441934e-01 -2.454464584827261042e+00 1.084609807823784106e-01 1.177716187153598232e-09 9.354932199478878108e-01 2.154052742849006830e+00 nan nan nan nan
8.317637711026334763e+08 6.926067278311667241e-01 3.672929331840576461e-01 -2.452987765001009457e+00 1.069219000480342019e-01 1.061714810256246668e-09 8.830959144142527251e-01 2.033403488214204025e+00 nan nan nan nan
8.709635899560405016e+08 6.897009467014711959e-01 3.714971859179210800e-01 -2.451477017196849406e+00 1.053851147024524038e-01 9.570139514975424682e-10 8.335243068343156647e-01 1.919260643564890456e+00 nan nan nan nan
9.120108393558667898e+08 6.867993772758692606e-01 3.757130566629706681e-01 -2.449969425324384886e+00 1.038508441277242594e-01 8.624641063299844398e-10 7.865766135283166482e-01 1.811159584808040623e+00 nan nan nan nan
9.549925860213899612e+08 6.839021436545346111e-01 3.799404364268876289e-01 -2.448473750658699988e+00 1.023194086421093940e-01 7.770847318573752808e-10 7.421101576342131745e-01 1.708771786328000752e+00 nan nan nan nan
9.999999999999508858e+08 6.810092578362093585e-01 3.841793784518871546e-01 -2.446949531305767422e+00 1.007910716146741270e-01 7.000531189700325643e-10 7.000531189699982226e-01 1.611931876044305323e+00 nan nan nan nan
1.047128548050847054e+09 6.781206172163990464e-01 3.884301053652229330e-01 -2.445414153204429120e+00 9.926603817759276083e-02 6.305414462932575983e-10 6.602579491429400038e-01 1.520300111227354645e+00 nan nan nan nan
1.096478196143129110e+09 6.752363232166042062e-01 3.926925409142328349e-01 -2.443895943393265213e+00 9.774462340136391703e-02 5.677970192523142412e-10 6.225770514452230175e-01 1.433536637897957711e+00 nan nan nan nan
1.148153621496823072e+09 6.723564398880634840e-01 3.969666625800019055e-01 -2.442359916843289902e+00 9.622712455876547555e-02 5.112056666364704037e-10 5.869426374783611733e-01 1.351485367500282919e+00 nan nan nan nan
1.202264434617349148e+09 6.694808555878360989e-01 4.012527093488743590e-01 -2.440797613328138382e+00 9.471374831011680762e-02 4.601783769663354497e-10 5.532560962065606880e-01 1.273919239733306341e+00 nan nan nan nan
1.258925411794099331e+09 6.666096234309423219e-01 4.055506766226318338e-01 -2.439254337778548276e+00 9.320479001509472672e-02 4.141410903053736529e-10 5.213727426535498255e-01 1.200505105127484873e+00 nan nan nan nan
1.318256738556334734e+09 6.637428491639575379e-01 4.098604798716564135e-01 -2.437705471802494195e+00 9.170057421748556425e-02 3.726319421080310093e-10 4.912245686852458881e-01 1.131086369167076944e+00 nan nan nan nan
1.380384264602807522e+09 6.608804454798837824e-01 4.141823246573544393e-01 -2.436120012282957603e+00 9.020132565996132057e-02 3.352306887817670771e-10 4.627471678063121985e-01 1.065514730416028844e+00 nan nan nan nan
1.445439770745845318e+09 6.580224005013504129e-01 4.185163049211580999e-01 -2.434549062347124870e+00 8.870731030378861681e-02 3.015077690702083754e-10 4.358113206029332609e-01 1.003492650178362977e+00 nan nan nan nan
1.513561248436120510e+09 6.551688449666294156e-01 4.228622979910666158e-01 -2.432983735514100854e+00 8.721886984934411335e-02 2.711128728054238609e-10 4.103459382304804892e-01 9.448564403401599199e-01 nan nan nan nan
1.584893192461020231e+09 6.523197397659578067e-01 4.272204388474430403e-01 -2.431380393011945085e+00 8.573625830844859574e-02 2.437420865001247773e-10 3.863051736102928735e-01 8.895005341015372879e-01 nan nan nan nan
1.659586907437461376e+09 6.494750107015272444e-01 4.315909182821258128e-01 -2.429779351426644585e+00 8.425971276422279665e-02 2.190821940092510016e-10 3.635859408304267792e-01 8.371875673783558680e-01 nan nan nan nan
1.737800828749269724e+09 6.466347890922486963e-01 4.359736120260943038e-01 -2.428192969917126298e+00 8.278957789050415961e-02 1.968653694954301052e-10 3.421128022611896191e-01 7.877438386090349631e-01 nan nan nan nan
1.819700858609870911e+09 6.437990940158191400e-01 4.403685673631863029e-01 -2.426575748233765761e+00 8.132614051967637647e-02 1.768684568214814863e-10 3.218476827390527317e-01 7.410816764896198672e-01 nan nan nan nan
1.905460717963127375e+09 6.409678113491210638e-01 4.447760396263711336e-01 -2.424944198541264306e+00 7.986961954182532353e-02 1.588677600870185110e-10 3.027162761966041837e-01 6.970299849769691081e-01 nan nan nan nan
1.995262314968752384e+09 6.381410446634545597e-01 4.491959469302019281e-01 -2.423332789424627265e+00 7.842034650958240594e-02 1.426586738371196316e-10 2.846414758106234899e-01 6.554112190493669443e-01 nan nan nan nan
2.089296130853904009e+09 6.353188677110584992e-01 4.536282522508286452e-01 -2.421703223189869636e+00 7.697863732558830885e-02 1.280752340447807800e-10 2.675870909479686754e-01 6.161420466944346197e-01 nan nan nan nan
2.187761623949408531e+09 6.325011614541605764e-01 4.580732220909848329e-01 -2.420042456173239209e+00 7.554470949717725925e-02 1.149593831765692972e-10 2.515037268265935544e-01 5.791087322233610113e-01 nan nan nan nan
2.290867652767620087e+09 6.296879748761571305e-01 4.625308602615607056e-01 -2.418403340038780325e+00 7.411886641266508813e-02 1.031560822501772825e-10 2.363169320131671969e-01 5.441398448756061823e-01 nan nan nan nan
2.398832919019328117e+09 6.268794242029562813e-01 4.670010627387676805e-01 -2.416759839018687739e+00 7.270144468327131848e-02 9.254109407167210716e-11 2.219906228211914467e-01 5.111522988925393252e-01 nan nan nan nan
2.511886431509407520e+09 6.240754206660148462e-01 4.714840514645236014e-01 -2.415074525154801144e+00 7.129267667471940462e-02 8.300220395590021321e-11 2.084921099022022106e-01 4.800708242676871018e-01 nan nan nan nan
2.630267991895198822e+09 6.212759428465923772e-01 4.759799433339828023e-01 -2.413404782306518115e+00 6.989282853718646604e-02 7.442439313913225342e-11 1.957560990900842068e-01 4.507450756274932191e-01 nan nan nan nan
2.754228703337971687e+09 6.184811307446713702e-01 4.804885957076656111e-01 -2.411742983732529488e+00 6.850224594248212340e-02 6.671386379989012312e-11 1.837452385882374362e-01 4.230890472819098247e-01 nan nan nan nan
2.884031503126399040e+09 6.156909493660968069e-01 4.850101469194875725e-01 -2.410039098004094882e+00 6.712118571503863929e-02 5.978978865349527779e-11 1.724356340419496980e-01 3.970477204459700316e-01 nan nan nan nan
3.019951720401796818e+09 6.129053126600315649e-01 4.895448204581349660e-01 -2.408336252139363420e+00 6.574987872869772487e-02 5.356906717331165091e-11 1.617759965703619296e-01 3.725029981071713014e-01 nan nan nan nan
3.162277660168146610e+09 6.101243577572427190e-01 4.940924774166534639e-01 -2.406650924442655715e+00 6.438866431000943302e-02 4.798039883106124221e-11 1.517273433494228108e-01 3.493651189959702807e-01 nan nan nan nan
3.311311214825664043e+09 6.073481117308674460e-01 4.986531568702984307e-01 -2.404932752068240198e+00 6.303782517220898884e-02 4.296466566148784198e-11 1.422693792461197926e-01 3.275873518416319019e-01 nan nan nan nan
3.467368504525054455e+09 6.045764501449941708e-01 5.032271485283845713e-01 -2.403196530722943258e+00 6.169756876616383501e-02 3.846303563513317491e-11 1.333655183496856023e-01 3.070854544714099466e-01 nan nan nan nan
3.630780547700735569e+09 6.018094772680259164e-01 5.078143667080903256e-01 -2.401483489789156600e+00 6.036821150289126831e-02 3.442140648376932379e-11 1.249765730857696350e-01 2.877691941607740667e-01 nan nan nan nan
3.801893963205317020e+09 5.990472765529745169e-01 5.124147581832104725e-01 -2.399752331440067721e+00 5.905005625592674862e-02 3.079604638313414776e-11 1.170833028346286581e-01 2.695942677455234748e-01 nan nan nan nan
3.981071705534659863e+09 5.962897234758585130e-01 5.170286168170117325e-01 -2.397984547927128673e+00 5.774330400779819489e-02 2.754567607950335904e-11 1.096613116499337154e-01 2.525045014833116608e-01 nan nan nan nan
4.168693834703022480e+09 5.935368616994914914e-01 5.216559578476341885e-01 -2.396240992149847315e+00 5.644823346994492369e-02 2.462964465972862942e-11 1.026734478439369630e-01 2.364143504517509098e-01 nan nan nan nan
4.365158322401308060e+09 5.907888171918989073e-01 5.262966567506704996e-01 -2.394494566751905307e+00 5.516515802032382482e-02 2.201542523942867308e-11 9.610081670509587615e-02 2.212803079697069353e-01 nan nan nan nan
4.570881896148377419e+09 5.880455017059582623e-01 5.309509502238155543e-01 -2.392700882273254503e+00 5.389428709034504994e-02 1.967385875691344432e-11 8.992688481935588729e-02 2.070643044444414327e-01 nan nan nan nan
4.786300923225988388e+09 5.853068837719184181e-01 5.356189816539719262e-01 -2.390923539515817264e+00 5.263585387766372276e-02 1.757509395365442805e-11 8.411968841615967418e-02 1.936927405743531783e-01 nan nan nan nan
5.011872336272304535e+09 5.825731114000596289e-01 5.403005882852461861e-01 -2.389156679068142441e+00 5.139016976438654655e-02 1.569473724943891856e-11 7.866001944552539205e-02 1.811213881898885436e-01 nan nan nan nan
5.248074602497282982e+09 5.798441551742958833e-01 5.449959095227927541e-01 -2.387343746416551227e+00 5.015746001761359901e-02 1.401188531349535122e-11 7.353541944685963727e-02 1.693215606254034611e-01 nan nan nan nan
5.495408738575776100e+09 5.771199176454742119e-01 5.497052045260550912e-01 -2.385530123792744650e+00 4.893791578493811995e-02 1.250518824287688617e-11 6.872112074744068932e-02 1.582362282069007808e-01 nan nan nan nan
5.754399373371071815e+09 5.744005402983022313e-01 5.544283206178159951e-01 -2.383736976412770048e+00 4.773183080829392771e-02 1.115625340734984607e-11 6.419753761642284229e-02 1.478202931224997518e-01 nan nan nan nan
6.025595860743050575e+09 5.716860587972478758e-01 5.591652865312365384e-01 -2.381909302732609923e+00 4.653944544859354299e-02 9.949873945460909548e-12 5.995391926068438515e-02 1.380490007562204802e-01 nan nan nan nan
6.309573444801375389e+09 5.689763397771521181e-01 5.639164278343343772e-01 -2.380059258682467593e+00 4.536092127711319894e-02 8.871074208905636991e-12 5.597269425537337861e-02 1.288818914071362121e-01 nan nan nan nan
6.606934480075369835e+09 5.662714867672428154e-01 5.686816571789989894e-01 -2.378235518735515530e+00 4.419651842043218620e-02 7.906024133118204007e-12 5.223458344540665016e-02 1.202745731801469209e-01 nan nan nan nan
6.918309709188739777e+09 5.635715926915512153e-01 5.734609035431054158e-01 -2.376394061339956565e+00 4.304648516360741473e-02 7.043558176723572660e-12 4.872951692126242795e-02 1.122038592516999833e-01 nan nan nan nan
7.244359600749238968e+09 5.608765294268369672e-01 5.782544878310724723e-01 -2.374510044376722195e+00 4.191096968578299220e-02 6.273244530623071439e-12 4.544563924326690263e-02 1.046424514631315861e-01 nan nan nan nan
7.585775750291137695e+09 5.581863341947435053e-01 5.830624400951458508e-01 -2.372652777261897494e+00 4.079018504885360830e-02 5.584802543014914566e-12 4.236505970096681589e-02 9.754915493124897974e-02 nan nan nan nan
7.943282347242074013e+09 5.555011419168969233e-01 5.878846142485851800e-01 -2.370794442351295217e+00 3.968437737084749839e-02 4.969998850890539264e-12 3.947810413809221125e-02 9.090169408803767948e-02 nan nan nan nan
8.317637711025926590e+09 5.528208666179780240e-01 5.927212601029163697e-01 -2.368883200943718847e+00 3.859369428620598036e-02 4.421506422563197572e-12 3.677648855985498483e-02 8.468099433058814962e-02 nan nan nan nan
8.709635899559976578e+09 5.501454664158466068e-01 5.975725513330031324e-01 -2.366988735457221438e+00 3.751829598052269787e-02 3.931866024464070180e-12 3.424512147893243180e-02 7.885230622516002652e-02 nan nan nan nan
9.120108393558219910e+09 5.474750961722392173e-01 6.024383047694195081e-01 -2.365107515867667320e+00 3.645841410144329969e-02 3.494959334099406284e-12 3.187440795806464194e-02 7.339353661225042624e-02 nan nan nan nan
9.549925860213432312e+09 5.448097331870774829e-01 6.073186586913758012e-01 -2.363176346341658185e+00 3.541420079950925032e-02 3.105566254908166960e-12 2.965792748835368448e-02 6.828990172378153478e-02 nan nan nan nan
9.999999999999017715e+09 5.421492691815380516e-01 6.122139110653378458e-01 -2.361242218390417147e+00 3.438576835445002894e-02 2.758411816468011241e-12 2.758411816467740141e-02 6.351477928937246387e-02 nan nan nan nan
1.047128548050795746e+10 5.394938486523099819e-01 6.171238962909151304e-01 -2.359331668157909512e+00 3.337331934997971039e-02 2.448932580771891042e-12 2.564347217577958235e-02 5.904627676455765500e-02 nan nan nan nan
1.096478196143075180e+10 5.368435161854220317e-01 6.220486306911374719e-01 -2.357385216000281059e+00 3.237700808796394047e-02 2.173359620738146296e-12 2.383041436517160591e-02 5.487155687711531282e-02 nan nan nan nan
1.148153621496766663e+10 5.341981308606527090e-01 6.269884772628795400e-01 -2.355411409047437843e+00 3.139691152229611565e-02 1.928029661555260808e-12 2.213674238267858072e-02 5.097173301780519999e-02 nan nan nan nan
1.202264434617290115e+10 5.315577941370118742e-01 6.319433493185988571e-01 -2.353467181101124517e+00 3.043318914031638983e-02 1.709551576337116277e-12 2.055333059374040219e-02 4.732579263652511581e-02 nan nan nan nan
1.258925411794037437e+10 5.289226081288890269e-01 6.369131562595994334e-01 -2.351505963623478301e+00 2.948598986900384175e-02 1.515185711150036472e-12 1.907505795354001027e-02 4.392194409181873760e-02 nan nan nan nan
1.318256738556269836e+10 5.262924428153623602e-01 6.418982458070803254e-01 -2.349495714343555530e+00 2.855537008932086326e-02 1.342400554249217244e-12 1.769628576480702237e-02 4.074720380340738496e-02 nan nan nan nan
1.380384264602739906e+10 5.236673279713504048e-01 6.468986665602535213e-01 -2.347514702399822184e+00 2.764143534111482281e-02 1.188708829728132291e-12 1.640874963751051338e-02 3.778254231000316432e-02 nan nan nan nan
1.445439770745774269e+10 5.210474068152269878e-01 6.519142494004820376e-01 -2.345534708375209387e+00 2.674431987719037840e-02 1.052112898696798458e-12 1.520765827090972411e-02 3.501692723394433937e-02 nan nan nan nan
1.513561248436046219e+10 5.184325970671663786e-01 6.569452557759486444e-01 -2.343495946996812407e+00 2.586407006632437944e-02 9.308473082167322478e-13 1.408894413927850447e-02 3.244099275112851538e-02 nan nan nan nan
1.584893192460942268e+10 5.158228461660834263e-01 6.619918938324123037e-01 -2.341474016061706909e+00 2.500073444146359153e-02 8.231326914866154242e-13 1.304577399229189805e-02 3.003900472122074394e-02 nan nan nan nan
1.659586907437379837e+10 5.132183148463127509e-01 6.670539593359117170e-01 -2.339468367915761071e+00 2.415442181864013022e-02 7.275024062168642631e-13 1.207353468486698292e-02 2.780034098512127946e-02 nan nan nan nan
1.737800828749184418e+10 5.106189879585125713e-01 6.721315873250404138e-01 -2.337408985715683674e+00 2.332517184572906188e-02 6.427092663452566889e-13 1.116900695699567410e-02 2.571758892272503136e-02 nan nan nan nan
1.819700858609781647e+10 5.080247469994619847e-01 6.772251180243009649e-01 -2.335343770066045099e+00 2.251298255054649464e-02 5.675109976811931684e-13 1.032700249750960995e-02 2.377880200607791067e-02 nan nan nan nan
1.905460717963034058e+10 5.054357383273935245e-01 6.823343735732119164e-01 -2.333305472584254137e+00 2.171792529813555347e-02 5.008289127899722187e-13 9.543098197414261880e-03 2.197379565034442844e-02 nan nan nan nan
1.995262314968654251e+10 5.028520156343478931e-01 6.874593556789835302e-01 -2.331230172041804050e+00 2.094003017083895593e-02 4.417719548319295137e-13 8.814509332861835203e-03 2.029615779190455452e-02 nan nan nan nan
2.089296130853801727e+10 5.002734317073317394e-01 6.926004666205863858e-01 -2.329121793530910978e+00 2.017925703213815924e-02 3.894870511000765569e-13 8.137537888810469910e-03 1.873737343644922906e-02 nan nan nan nan
2.187761623949301147e+10 4.977000847416093721e-01 6.977576228511987999e-01 -2.327046511095557157e+00 1.943562915133697014e-02 3.431846230235911212e-13 7.508061481805204142e-03 1.728795044528744912e-02 nan nan nan nan
2.290867652767507553e+10 4.951320858078313569e-01 7.029307119930907621e-01 -2.324955275634710272e+00 1.870916061861383622e-02 3.022254399301451715e-13 6.923584841793990405e-03 1.594214324679438244e-02 nan nan nan nan
2.398832919019210052e+10 4.925693044198080628e-01 7.081201086359445451e-01 -2.322807935089893139e+00 1.799978623343824469e-02 2.660255657594398649e-13 6.381508844444539613e-03 1.469396713602765664e-02 nan nan nan nan
2.511886431509284210e+10 4.900117619961524840e-01 7.133258840917774402e-01 -2.320692310577238349e+00 1.730747413944126040e-02 2.340153737230382152e-13 5.878200420194740206e-03 1.353505666117174600e-02 nan nan nan nan
2.630267991895069504e+10 4.874596095528891393e-01 7.185478441758699208e-01 -2.318580096097914378e+00 1.663221533372327351e-02 2.057354266217081637e-13 5.411393074419557775e-03 1.246019302548969331e-02 nan nan nan nan
2.754228703337836456e+10 4.849127696033524448e-01 7.237862607087045541e-01 -2.316402993351466488e+00 1.597392823253618657e-02 1.807823588433081154e-13 4.979159617833599748e-03 1.146493871166157780e-02 nan nan nan nan
2.884031503126257706e+10 4.823711787024716480e-01 7.290413809956458602e-01 -2.314242357203106337e+00 1.533252613025185007e-02 1.587554113190397823e-13 4.578556075358775762e-03 1.054251496655844028e-02 nan nan nan nan
3.019951720401648712e+10 4.798350026600187723e-01 7.343129786321634933e-01 -2.312101390755543662e+00 1.470796913533263875e-02 1.393225160133835061e-13 4.207472719253037632e-03 9.688063962531166112e-03 nan nan nan nan
3.162277660167991257e+10 4.773042344678465332e-01 7.396011832982494205e-01 -2.309902960356764900e+00 1.410016188708704959e-02 1.222020329270809600e-13 3.864367587524213804e-03 8.898035200882618151e-03 nan nan nan nan
3.311311214825501251e+10 4.747787459390384046e-01 7.449063814881715651e-01 -2.307695128808454843e+00 1.350897081508182357e-02 1.071183361720311119e-13 3.547021478798947566e-03 8.167318781612153272e-03 nan nan nan nan
3.467368504524884033e+10 4.722586842917573802e-01 7.502283835864157480e-01 -2.305517903781774347e+00 1.293431711631472941e-02 9.383151448703802263e-14 3.253484380642260396e-03 7.491424635155835045e-03 nan nan nan nan
3.630780547700556946e+10 4.697441124317401351e-01 7.555671741747908010e-01 -2.303302819304476667e+00 1.237608975375409717e-02 8.214321011832915499e-14 2.982439694233090643e-03 6.867321180694834978e-03 nan nan nan nan
3.801893963205130768e+10 4.672348779343530323e-01 7.609231971416116069e-01 -2.301048091127874340e+00 1.183412022857196176e-02 7.186665643577940800e-14 2.732294072589268926e-03 6.291339601220042460e-03 nan nan nan nan
3.981071705534464264e+10 4.647310746446323693e-01 7.662963747920161772e-01 -2.298830311591653963e+00 1.130828471721812695e-02 6.282956245079176120e-14 2.501289933439576792e-03 5.759432913994038533e-03 nan nan nan nan
4.168693834702818298e+10 4.622328224259978913e-01 7.716865701928391497e-01 -2.296597927629322911e+00 1.079845258038731985e-02 5.489203562078083627e-14 2.288280904666365433e-03 5.268961499667702136e-03 nan nan nan nan
4.365158322401094055e+10 4.597399914874813476e-01 7.770941852018070639e-01 -2.294301673860361213e+00 1.030443197988381229e-02 4.792777983799805995e-14 2.092123470340445830e-03 4.817292315508881102e-03 nan nan nan nan
4.570881896148153687e+10 4.572525940626032681e-01 7.825193185449618172e-01 -2.292039623033266249e+00 9.826051586640651564e-03 4.181500558947732309e-14 1.911314520362757553e-03 4.400964322610350157e-03 nan nan nan nan
4.786300923225753784e+10 4.547707886115001652e-01 7.879617482549433616e-01 -2.289783745355940869e+00 9.363157390391049772e-03 3.645499969719559730e-14 1.744845987068818684e-03 4.017656359395143512e-03 nan nan nan nan
5.011872336272058868e+10 4.522945032801081733e-01 7.934217553908721188e-01 -2.287456520659272297e+00 8.915541753245419948e-03 3.176166609917174808e-14 1.591854156763489528e-03 3.665379651584217864e-03 nan nan nan nan
5.248074602497025299e+10 4.498236635545688755e-01 7.988996317821062121e-01 -2.285144943561553621e+00 8.482989478180808993e-03 2.765101573029377119e-14 1.451145933874004859e-03 3.341386995097206901e-03 nan nan nan nan
5.495408738575506592e+10 4.473584396440856703e-01 8.043951273028807636e-01 -2.282856857487469249e+00 8.065319321900490251e-03 2.405312920055985831e-14 1.321817763988423393e-03 3.043597879014465699e-03 nan nan nan nan
5.754399373370790100e+10 4.448988330964793181e-01 8.099083640180866350e-01 -2.280507586152807242e+00 7.662310852548834782e-03 2.090885031803215934e-14 1.203178751679878991e-03 2.770421457825274127e-03 nan nan nan nan
6.025595860742755127e+10 4.424447064862403467e-01 8.154397794351828654e-01 -2.278144555282288763e+00 7.273714092447445233e-03 1.816145463851657079e-14 1.094335858949127636e-03 2.519801435545095981e-03 nan nan nan nan
6.309573444801065063e+10 4.399962070026559036e-01 8.209891725554957498e-01 -2.275816282555903403e+00 6.899317212751280431e-03 1.576155408359194398e-14 9.944868309462752669e-04 2.289890552115783368e-03 nan nan nan nan
6.606934480075045776e+10 4.375534068265713450e-01 8.265565078882906036e-01 -2.273449518336002395e+00 6.538887076562541201e-03 1.366827789072814947e-14 9.030541647949922451e-04 2.079359058023137752e-03 nan nan nan nan
6.918309709188400269e+10 4.351161492021856647e-01 8.321422738739912006e-01 -2.271035572031834704e+00 6.192150165758491566e-03 1.184382504625889413e-14 8.193924981146165614e-04 1.886720951469867888e-03 nan nan nan nan
7.244359600748883057e+10 4.326845226244669940e-01 8.377464016897011589e-01 -2.268662862484524645e+00 5.858862679368030853e-03 1.025357031925662149e-14 7.428055058426049186e-04 1.710372884747083690e-03 nan nan nan nan
7.585775750290765381e+10 4.302586556679426910e-01 8.433687263288902614e-01 -2.266277233214576192e+00 5.538777999547858481e-03 8.869315849555225511e-15 6.728064109322556396e-04 1.549194012283438204e-03 nan nan nan nan
7.943282347241683960e+10 4.278384201616442506e-01 8.490096776668958345e-01 -2.263819168787736480e+00 5.231609220458571449e-03 7.665914463173398829e-15 6.089252303078996655e-04 1.402102158054936015e-03 nan nan nan nan
8.317637711025517273e+10 4.254238183760173930e-01 8.546693872427034711e-01 -2.261397802005543411e+00 4.937082229635446698e-03 6.619499045793743713e-15 5.505859489139147038e-04 1.267770998381161258e-03 nan nan nan nan
8.709635899559548950e+10 4.230150159639389784e-01 8.603476018332077979e-01 -2.258985841979610498e+00 4.654936650163241964e-03 5.710635598484431795e-15 4.973755681786273981e-04 1.145249568907551153e-03 nan nan nan nan
9.120108393557772827e+10 4.206119473511373830e-01 8.660446106221076912e-01 -2.256495640135947944e+00 4.384879000725060150e-03 4.922495192853352389e-15 4.489368972558964660e-04 1.033715407316426835e-03 nan nan nan nan
9.549925860212962341e+10 4.182145267666878552e-01 8.717607561808371486e-01 -2.254019784387888414e+00 4.126610861485674638e-03 4.239015396656546412e-15 4.048228275837125996e-04 9.321390080979554803e-04 nan nan nan nan
9.999999999998527527e+10 4.158229282730337983e-01 8.774957625267302275e-01 -2.251571783921764602e+00 3.879857968685043214e-03 3.646784894678829061e-15 3.646784894678292309e-04 8.397032535842097493e-04 nan nan nan nan
1.047128548050744324e+11 4.134371623348089830e-01 8.832497413992813629e-01 -2.249058860014873318e+00 3.644323984902046731e-03 3.134491124478348740e-15 3.282215140052958057e-04 7.557579653485306265e-04 nan nan nan nan
1.096478196143021393e+11 4.110570826641619657e-01 8.890231868691104156e-01 -2.246526918163050279e+00 3.419695278302601390e-03 2.691530575944455899e-15 2.951204590775364633e-04 6.795399697094948316e-04 nan nan nan nan
1.148153621496710358e+11 4.086828356602861811e-01 8.948158866995314931e-01 -2.244034496920641608e+00 3.205684250830492538e-03 2.308696735710889125e-15 2.650738518044090729e-04 6.103550997073451702e-04 nan nan nan nan
1.202264434617231140e+11 4.063145028875745912e-01 9.006277816031734718e-01 -2.241503200228065928e+00 3.001993653347403198e-03 1.978370784629496976e-15 2.378524832845830194e-04 5.476755823426963802e-04 nan nan nan nan
1.258925411793975677e+11 4.039519239934449835e-01 9.064594081182759666e-01 -2.238916054641934661e+00 2.808304330035771897e-03 1.693639203363784538e-15 2.132165431525173335e-04 4.909492338427080740e-04 nan nan nan nan
1.318256738556205292e+11 4.015951811886173117e-01 9.123107097089339090e-01 -2.236374975386733244e+00 2.624317335718139629e-03 1.448240435292661836e-15 1.909152712874123453e-04 4.395986576913098621e-04 nan nan nan nan
1.380384264602672119e+11 3.992444117712211638e-01 9.181814888009485198e-01 -2.233823057251691058e+00 2.449736107829544873e-03 1.237065084200516590e-15 1.707625176519772753e-04 3.931952275875755134e-04 nan nan nan nan
1.445439770745703430e+11 3.968994899426865341e-01 9.240722042967737249e-01 -2.231189215829642691e+00 2.284244142567199310e-03 1.055616461348794799e-15 1.525830015887392577e-04 3.513353449025178243e-04 nan nan nan nan
1.513561248435971985e+11 3.945604072812349816e-01 9.299830267651174598e-01 -2.228594575000994560e+00 2.127535069222858625e-03 8.997121466874691143e-16 1.361769439973294213e-04 3.135590012577357615e-04 nan nan nan nan
1.584893192460864563e+11 3.922273364630483594e-01 9.359136673351062807e-01 -2.226013176835683005e+00 1.979314906121484949e-03 7.659362600439639683e-16 1.213927164402613031e-04 2.795170592733989203e-04 nan nan nan nan
1.659586907437298279e+11 3.899002187129654851e-01 9.418644220474347017e-01 -2.223346102503680921e+00 1.839275368862939132e-03 6.513560455978178447e-16 1.080981965354270327e-04 2.489052959220149227e-04 nan nan nan nan
1.737800828749099121e+11 3.875789567717184969e-01 9.478356915339782862e-01 -2.220691536642896757e+00 1.707108875877166084e-03 5.532415388359713550e-16 9.614236046875779100e-05 2.213759660206217317e-04 nan nan nan nan
1.819700858609692383e+11 3.852637280528219965e-01 9.538271712757883103e-01 -2.218069847916365411e+00 1.582525881847178387e-03 4.693133944194437409e-16 8.540099867820910183e-05 1.966430664832484931e-04 nan nan nan nan
1.905460717962940369e+11 3.829545522017948067e-01 9.598389595009605424e-01 -2.215379439344848045e+00 1.465229800752159209e-03 3.976578819325637953e-16 7.577214732108452288e-05 1.744718168856779607e-04 nan nan nan nan
1.995262314968556519e+11 3.806512742969337393e-01 9.658716135488415455e-01 -2.212663680638335073e+00 1.354919083221891403e-03 3.365253718004762241e-16 6.714563923842724162e-05 1.546085479699586417e-04 nan nan nan nan
2.089296130853699036e+11 3.783540391876971110e-01 9.719249101018510029e-01 -2.209992968173659644e+00 1.251310775198250479e-03 2.844070179949864194e-16 5.942104822845634999e-05 1.368220198609238446e-04 nan nan nan nan
2.187761623949194031e+11 3.760629379090934532e-01 9.779987615439604820e-01 -2.207283267871231303e+00 1.154122258843821424e-03 2.400567983849701314e-16 5.251870510747465353e-05 1.209287874838214021e-04 nan nan nan nan
2.290867652767395325e+11 3.737778070740738756e-01 9.840937568466073815e-01 -2.204507719932489174e+00 1.063064715917599792e-03 2.023670685414093580e-16 4.635961713068770609e-05 1.067469633220329125e-04 nan nan nan nan
2.398832919019092407e+11 3.714987216731594488e-01 9.902098558177011567e-01 -2.201783713575595769e+00 9.778644778618476949e-04 1.703505037995946055e-16 4.086423962859544995e-05 9.409338900534042682e-05 nan nan nan nan
2.511886431509161072e+11 3.692258277824703172e-01 9.963468227263887478e-01 -2.199051416742824117e+00 8.982547712607734771e-04 1.432017541012890002e-16 3.597065430953391826e-05 8.282549239837483476e-05 nan nan nan nan
2.630267991894940491e+11 3.669590025618089113e-01 1.002505146808400971e+00 -2.196226634784885334e+00 8.239645592933975658e-04 1.202226537901442929e-16 3.162177981648834821e-05 7.281183881938606663e-05 nan nan nan nan
2.754228703337701416e+11 3.646982261520022028e-01 1.008685045034548589e+00 -2.193443536963807450e+00 7.547328103248470820e-04 1.007794939976889384e-16 2.775697750762844699e-05 6.391280263563629306e-05 nan nan nan nan
2.884031503126116333e+11 3.624436781133265617e-01 1.014886187480546376e+00 -2.190678291599664540e+00 6.903102779819724789e-04 8.435477992539316655e-17 2.432818427441043975e-05 5.601771444986964964e-05 nan nan nan nan
3.019951720401500244e+11 3.601953069100349292e-01 1.021108875447773734e+00 -2.187819277202962098e+00 6.304467829224744656e-04 7.050911727836643196e-17 2.129341300287938417e-05 4.902989535939565526e-05 nan nan nan nan
3.162277660167836304e+11 3.579530035110305430e-01 1.027353576307621363e+00 -2.184970324783307216e+00 5.748978463223881419e-04 5.884482435608139455e-17 1.860836734777363821e-05 4.284734925994072982e-05 nan nan nan nan
3.311311214825338745e+11 3.557169482428764185e-01 1.033619953586575102e+00 -2.182160101101478844e+00 5.234330262713603188e-04 4.903131971780166494e-17 1.623579588592434064e-05 3.738430157982344435e-05 nan nan nan nan
3.467368504524713745e+11 3.534871701922135401e-01 1.039908087961244787e+00 -2.179277288892689235e+00 4.758246032995596861e-04 4.079317543470500136e-17 1.414449717018473657e-05 3.256890833196384117e-05 nan nan nan nan
3.630780547700379028e+11 3.512635059620424216e-01 1.046218607935920142e+00 -2.176361514840864153e+00 4.318482737776028319e-04 3.388535084270866128e-17 1.230302726917092565e-05 2.832876718869221705e-05 nan nan nan nan
3.801893963204943848e+11 3.490460981405990037e-01 1.052551279139597451e+00 -2.173497306034807508e+00 3.912934566981847179e-04 2.809901049781984727e-17 1.068294583836936256e-05 2.459839183669207448e-05 nan nan nan nan
3.981071705534268799e+11 3.468350473850660975e-01 1.058905979824734445e+00 -2.170594329757715713e+00 3.539555410276344041e-04 2.326268730684621270e-17 9.261042623197663677e-06 2.132433868975741365e-05 nan nan nan nan
4.168693834702613525e+11 3.446301877369046807e-01 1.065283356470649645e+00 -2.167613942730822529e+00 3.196330006685955982e-04 1.922740066969264008e-17 8.015314662910460656e-06 1.845594405847422254e-05 nan nan nan nan
4.365158322400879517e+11 3.424315860242666543e-01 1.071683390066570318e+00 -2.164691340342602910e+00 2.881359912676426408e-04 1.586312187736767576e-17 6.924503848225097234e-06 1.594425933730301434e-05 nan nan nan nan
4.570881896147929077e+11 3.402393972137681688e-01 1.078105799688433786e+00 -2.161763588433469607e+00 2.592831224996852181e-04 1.306426368868202775e-17 5.971520638109944907e-06 1.374993440381825143e-05 nan nan nan nan
4.786300923225518799e+11 3.380535018983971129e-01 1.084551106385373442e+00 -2.158731536264479889e+00 2.328968677229805058e-04 1.074094330396040980e-17 5.140938685205866087e-06 1.183744878055143780e-05 nan nan nan nan
5.011872336271812744e+11 3.358738680201503457e-01 1.091019582293618839e+00 -2.155743601142448007e+00 2.088088323995343346e-04 8.813885277492875320e-18 4.417406779733995100e-06 1.017145500070632994e-05 nan nan nan nan
5.248074602496767578e+11 3.337006818943329400e-01 1.097510849791676346e+00 -2.152779104937177834e+00 1.868604982137616515e-04 7.218688942297634268e-18 3.788421810139646656e-06 8.723163586001069398e-06 nan nan nan nan
5.495408738575236816e+11 3.315338995927337162e-01 1.104025213369658420e+00 -2.149711961692197359e+00 1.668982681547401259e-04 5.901495322242851865e-18 3.243112896451425049e-06 7.467543410265794491e-06 nan nan nan nan
5.754399373370507812e+11 3.293733999258437461e-01 1.110563217608461661e+00 -2.146651702098917980e+00 1.487756401119060782e-04 4.815066856046913104e-18 2.770781769917345626e-06 6.379960799351338787e-06 nan nan nan nan
6.025595860742459717e+11 3.272193656941860818e-01 1.117124489898047912e+00 -2.143637052331007098e+00 1.323561308342110642e-04 3.920541892424500871e-18 2.362360099886048371e-06 5.439535150281540197e-06 nan nan nan nan
6.309573444800755615e+11 3.250718356506956397e-01 1.123709088305172576e+00 -2.140545856440096539e+00 1.175091058019591967e-04 3.185945913520349823e-18 2.010195973251948194e-06 4.628647282006593542e-06 nan nan nan nan
6.606934480074721680e+11 3.229306379678684724e-01 1.130317721953622678e+00 -2.137412523682316934e+00 1.041097975442363706e-04 2.583681156998176766e-18 1.707021212169060362e-06 3.930561596565104944e-06 nan nan nan nan
6.918309709188061523e+11 3.207959122158380305e-01 1.136950145540296386e+00 -2.134338533994238674e+00 9.204258051553036463e-05 2.090648587639929461e-18 1.446375442236963285e-06 3.330402532167502238e-06 nan nan nan nan
7.244359600748527832e+11 3.186677688480491488e-01 1.143606195876639031e+00 -2.131226409379351150e+00 8.119824103669222391e-05 1.688097005415840013e-18 1.222918174817907972e-06 2.815873159287201502e-06 nan nan nan nan
7.585775750290393066e+11 3.165460396875597326e-01 1.150286582929338275e+00 -2.128023439517563453e+00 7.147284399218585495e-05 1.360160134917518959e-18 1.031786976796902565e-06 2.375777311917941195e-06 nan nan nan nan
7.943282347241293945e+11 3.144307824239170324e-01 1.156991314746788735e+00 -2.124885408527052100e+00 6.277016901295933240e-05 1.093358009468494440e-18 8.684851375825971011e-07 1.999760931284571039e-06 nan nan nan nan
8.317637711025109863e+11 3.123221610707591633e-01 1.163720056369337730e+00 -2.121746155450338289e+00 5.500055268706240504e-05 8.768620625352193495e-19 7.293420958710198293e-07 1.679372237645644456e-06 nan nan nan nan
8.709635899559122314e+11 3.102200600422292398e-01 1.170473362238296566e+00 -2.118489286543587369e+00 4.807929241897539147e-05 7.016650259199682412e-19 6.111246899217637507e-07 1.407166600974461876e-06 nan nan nan nan
9.120108393557324219e+11 3.081244342723696295e-01 1.177251570219745469e+00 -2.115278886643151335e+00 4.192791853969553783e-05 5.600848972077994626e-19 5.108034972129542748e-07 1.176168518131774187e-06 nan nan nan nan
9.549925860212493896e+11 3.060354767138090959e-01 1.184054246776695463e+00 -2.112098751348666870e+00 3.647422177749281078e-05 4.459589340154896708e-19 4.258874756547321787e-07 9.806421527354509640e-07 nan nan nan nan
9.999999999998037109e+11 3.039531514036003523e-01 1.190881696676652668e+00 -2.108806190309764794e+00 3.165064797961646668e-05 3.542410890718120471e-19 3.542410890717425333e-07 8.156702510225704186e-07 nan nan nan nan
1.047128548050692871e+12 3.018773245364118618e-01 1.197734554277289032e+00 -2.105516436994609553e+00 2.739464741364287025e-05 2.806611155367469999e-19 2.938882664062816325e-07 6.767027412329668911e-07 nan nan nan nan
1.096478196142967529e+12 2.998081809738249448e-01 1.204612405581133583e+00 -2.102280494063393235e+00 2.364923321051849646e-05 2.217695387739161549e-19 2.431654638342814810e-07 5.599091721557993788e-07 nan nan nan nan
1.148153621496654053e+12 2.977457693770252378e-01 1.211515279489064234e+00 -2.098963973822113971e+00 2.036169337652419303e-05 1.747834133456961479e-19 2.006782090104076353e-07 4.620786525561080461e-07 nan nan nan nan
1.202264434617172119e+12 2.956899094544412909e-01 1.218443976972298115e+00 -2.095594235734091093e+00 1.748338460373713161e-05 1.373830015280587507e-19 1.651706966581416349e-07 3.803195839244784167e-07 nan nan nan nan
1.258925411793913818e+12 2.936407369575668724e-01 1.225398242011174421e+00 -2.092293200259711217e+00 1.497030323720108164e-05 1.076763570170569679e-19 1.355565020981669306e-07 3.121303809896552747e-07 nan nan nan nan
1.318256738556140625e+12 2.915983723530536365e-01 1.232377860642863698e+00 -2.088955204067250548e+00 1.278224200501507973e-05 8.415713359690454159e-20 1.109407084616887944e-07 2.554504215100830486e-07 nan nan nan nan
1.380384264602604248e+12 2.895626454984205345e-01 1.239383613328657763e+00 -2.085510666166439542e+00 1.088234049956200428e-05 6.559113143042954329e-20 9.054096572404624684e-08 2.084782779814737467e-07 nan nan nan nan
1.445439770745632324e+12 2.875336038880944578e-01 1.246415542486003725e+00 -2.082139290846940938e+00 9.237414453995015191e-06 5.096492347130855501e-20 7.366672729843692767e-08 1.696239081270384195e-07 nan nan nan nan
1.513561248435897705e+12 2.855114207636634260e-01 1.253473248011329755e+00 -2.078771677470404367e+00 7.817526938136103160e-06 3.948033558266725637e-20 5.975590601317005109e-08 1.375930584042786401e-07 nan nan nan nan
1.584893192460786865e+12 2.834959846824493535e-01 1.260557319292235468e+00 -2.075271323865917061e+00 6.595480662552166533e-06 3.049333635871485860e-20 4.832868121034417791e-08 1.112809009189999471e-07 nan nan nan nan
1.659586907437216797e+12 2.814872366958761085e-01 1.267668172764661483e+00 -2.071819684915202409e+00 5.546892925941341440e-06 2.347611907763297560e-20 3.896065985867675954e-08 8.971023460380062289e-08 nan nan nan nan
1.737800828749013916e+12 2.794853762741554837e-01 1.274805308778475199e+00 -2.068406694852531036e+00 4.650038694317466593e-06 1.801470244497122114e-20 3.130596483853787283e-08 7.208464795901306192e-08 nan nan nan nan
1.819700858609603027e+12 2.774903757543112359e-01 1.281969028363527219e+00 -2.064870472135392987e+00 3.885392465149943659e-06 1.378005121622088848e-20 2.507557102984145504e-08 5.773863605162628905e-08 nan nan nan nan
1.905460717962846924e+12 2.755020881401870625e-01 1.289160070961677285e+00 -2.061331822513865486e+00 3.235542678618604467e-06 1.050517750510895719e-20 2.001720307121206334e-08 4.609131339520753017e-08 nan nan nan nan
1.995262314968458496e+12 2.735206999102359204e-01 1.296377974754701734e+00 -2.057856871990237035e+00 2.685147062858288919e-06 7.980482117795634384e-21 1.592315522491730342e-08 3.666441985432483669e-08 nan nan nan nan
2.089296130853596436e+12 2.715462698707490352e-01 1.303622731031831572e+00 -2.054297275023605707e+00 2.220582649110580174e-06 6.041791724390787282e-21 1.262309207319295026e-08 2.906574363522539176e-08 nan nan nan nan
2.187761623949086426e+12 2.695786091247915350e-01 1.310895246100741485e+00 -2.050671015275564724e+00 1.829791462310670706e-06 4.557875994731851690e-21 9.971546187993113576e-09 2.296033360657454625e-08 nan nan nan nan
2.290867652767282715e+12 2.676178487122760075e-01 1.318195253728606131e+00 -2.047124779292031072e+00 1.502250701788895356e-06 3.425489309135197735e-21 7.847342653197971166e-09 1.806917421286999444e-08 nan nan nan nan
2.398832919018974609e+12 2.656641193668234924e-01 1.325522477236651842e+00 -2.043543500884594799e+00 1.228738137823836680e-06 2.564889904913589863e-21 6.152742337566167122e-09 1.416721278751319621e-08 nan nan nan nan
2.511886431509037598e+12 2.637172491487982939e-01 1.332877775745489490e+00 -2.039837226284784144e+00 1.001170173859575973e-06 1.913361074664355848e-21 4.806145722026945659e-09 1.106655949429635076e-08 nan nan nan nan
2.630267991894811523e+12 2.617772742012879350e-01 1.340261235228019876e+00 -2.036213615724196568e+00 8.125531808155258111e-07 1.421597820010957982e-21 3.739183243322264498e-09 8.609787596046974124e-09 nan nan nan nan
2.754228703337566406e+12 2.598443771852606554e-01 1.347672376456204191e+00 -2.032600132875971966e+00 6.568420053080806179e-07 1.051988783224977372e-21 2.897417702347393615e-09 6.671550809602168181e-09 nan nan nan nan
2.884031503125974609e+12 2.579184510490867277e-01 1.355111825229802669e+00 -2.028836584004904964e+00 5.287989907190729101e-07 7.754023254061026656e-22 2.236284734068338365e-09 5.149235892355910047e-09 nan nan nan nan
3.019951720401352051e+12 2.559994219566159024e-01 1.362580092487092998e+00 -2.025123838919382191e+00 4.239321788665578750e-07 5.691018551725472014e-22 1.718660126611935107e-09 3.957361187459901011e-09 nan nan nan nan
3.162277660167680664e+12 2.540874957366675568e-01 1.370076599876050016e+00 -2.021460078550151529e+00 3.384127684962748632e-07 4.158813610229458743e-22 1.315132337242991786e-09 3.028204115050131049e-09 nan nan nan nan
3.311311214825176270e+12 2.521826533303448969e-01 1.377601639219147245e+00 -2.017661109064510239e+00 2.689664738577443900e-07 3.026242004943251094e-22 1.002082908974361444e-09 2.307381168148474060e-09 nan nan nan nan
3.467368504524543945e+12 2.502847338456429815e-01 1.385156073832175982e+00 -2.013852953573604498e+00 2.128129957274805958e-07 2.192219270497027147e-22 7.601232053533164111e-10 1.750248361485398381e-09 nan nan nan nan
3.630780547700200684e+12 2.483939248831191771e-01 1.392739386214164377e+00 -2.010120567016837612e+00 1.676145058715796048e-07 1.580658566884061245e-22 5.739024377198326619e-10 1.321459197926630496e-09 nan nan nan nan
3.801893963204757324e+12 2.465102956373359799e-01 1.400351519080197393e+00 -2.006299494618986046e+00 1.314003118046714947e-07 1.134477988461564607e-22 4.313165015720698716e-10 9.931429468821910984e-10 nan nan nan nan
3.981071705534073730e+12 2.446336483506698634e-01 1.407993500387823227e+00 -2.002395340471097462e+00 1.025165578073479963e-07 8.103948116749609274e-23 3.226239855070801069e-10 7.428691796709297754e-10 nan nan nan nan
4.168693834702408691e+12 2.427641083380185638e-01 1.415665054702341719e+00 -1.998584967392784018e+00 7.959078832453612065e-08 5.759981389886401546e-23 2.401159890802005096e-10 5.528874970455908213e-10 nan nan nan nan
4.365158322400665527e+12 2.409018168812439575e-01 1.423365827333945344e+00 -1.994742494510288067e+00 6.148390438458560094e-08 4.073642663009739345e-23 1.778209517292337419e-10 4.094478726737474282e-10 nan nan nan nan
4.570881896147705078e+12 2.390466003226077163e-01 1.431096765627518641e+00 -1.990753148532223848e+00 4.725289199243227511e-08 2.866618928739849447e-23 1.310297656453130631e-10 3.017071851134011965e-10 nan nan nan nan
4.786300923225284180e+12 2.371984821586725911e-01 1.438858010872831938e+00 -1.986857534937184866e+00 3.612537173750765313e-08 2.006443852435321557e-23 9.603444063310875829e-11 2.211274714158179138e-10 nan nan nan nan
5.011872336271566406e+12 2.353576546747800646e-01 1.446648987020688004e+00 -1.982980207159408703e+00 2.747081851884929052e-08 1.396835205632171172e-23 7.000759725438083892e-11 1.611984498342682057e-10 nan nan nan nan
5.248074602496509766e+12 2.335240154207289531e-01 1.454470357394283875e+00 -1.978932807604354416e+00 2.077516858843583295e-08 9.672595948517008517e-24 5.076250513762274905e-11 1.168849876129238034e-10 nan nan nan nan
5.495408738574966797e+12 2.316974745405070979e-01 1.462322747298905323e+00 -1.974938088615181275e+00 1.562313657552759444e-08 6.659820031817448257e-24 3.659843320018622087e-11 8.427100671368716344e-11 nan nan nan nan
5.754399373370224609e+12 2.298782440534747895e-01 1.470205483907202515e+00 -1.971005173109699360e+00 1.168150177257410713e-08 4.558857718568029110e-24 2.623348799901187781e-11 6.040483840376295528e-11 nan nan nan nan
6.025595860742164062e+12 2.280663138051860217e-01 1.478118842293618895e+00 -1.966923753354640425e+00 8.683119512309968640e-09 3.102789564145477557e-24 1.869615595446897237e-11 4.304948999705212112e-11 nan nan nan nan
6.309573444800446289e+12 2.262615081649653193e-01 1.486063832878146140e+00 -1.962824348795604745e+00 6.415425750134348951e-09 2.099046033993428477e-24 1.324408511549863147e-11 3.049563295729147337e-11 nan nan nan nan
6.606934480074397461e+12 2.244640152893530860e-01 1.494039872890777554e+00 -1.958815620620618869e+00 4.710838880517157676e-09 1.411139869021096710e-24 9.323308656843152330e-12 2.146771153062938179e-11 nan nan nan nan
6.918309709187721680e+12 2.226739150310698967e-01 1.502046842108678115e+00 -1.954714322687512551e+00 3.437444937863254085e-09 9.427898914098463408e-25 6.522512459464777519e-12 1.501863995803152821e-11 nan nan nan nan
7.244359600748172852e+12 2.208910004271535943e-01 1.510085909869668397e+00 -1.950509761837847078e+00 2.492043998088776905e-09 6.258615574823414267e-25 4.533966182686404317e-12 1.043984294439283319e-11 nan nan nan nan
7.585775750290020508e+12 2.191153899370273939e-01 1.518156793236281166e+00 -1.946415801439575599e+00 1.794728747990563101e-09 4.126788726207738881e-25 3.130489384583690712e-12 7.208218190718510811e-12 nan nan nan nan
7.943282347240904297e+12 2.173472357333209037e-01 1.526259039671362894e+00 -1.942294091980446336e+00 1.283830215001140814e-09 2.702817301468824111e-25 2.146924095857460760e-12 4.943475418911109011e-12 nan nan nan nan
8.317637711024701172e+12 2.155863624649624333e-01 1.534393695820992498e+00 -1.937999394467799785e+00 9.120020964789146456e-10 1.758185801569167011e-25 1.462395252611989587e-12 3.367289508729629185e-12 nan nan nan nan
8.709635899558694336e+12 2.138327795469497361e-01 1.542560973401729596e+00 -1.933811408719338765e+00 6.432651589023189613e-10 1.135450557679333843e-25 9.889360939337865585e-13 2.277109507815696284e-12 nan nan nan nan
9.120108393556876953e+12 2.120866891369415363e-01 1.550760176868143825e+00 -1.929652257474285149e+00 4.504347595725092049e-10 7.279490139670702841e-26 6.638973912362529862e-13 1.528680236338232141e-12 nan nan nan nan
9.549925860212025391e+12 2.103479935781718824e-01 1.558992007483269715e+00 -1.925299715002970480e+00 3.130655060404232970e-10 4.633047477282006663e-26 4.424525991488552162e-13 1.018784759156624165e-12 nan nan nan nan
9.999999999997544922e+12 2.086165856986120504e-01 1.567257229995110190e+00 -1.921001459352869922e+00 2.159284035604209267e-10 2.926003212856970457e-26 2.926003212856251997e-13 6.737371379975490157e-13 nan nan nan nan
1.047128548050641602e+13 2.068926835238995565e-01 1.575555057234349077e+00 -1.916780979864347589e+00 1.477724500590437156e-10 1.833386033374265494e-26 1.919790855143519896e-13 4.420481804719760795e-13 nan nan nan nan
1.096478196142913867e+13 2.051762861142691075e-01 1.583885737108919667e+00 -1.912397221873755493e+00 1.003234002072618450e-10 1.139768680238719239e-26 1.249731506528340448e-13 2.877613137177148022e-13 nan nan nan nan
1.148153621496597656e+13 2.034672021267703301e-01 1.592250455998811320e+00 -1.907983983108475279e+00 6.755075528169327342e-11 7.027540951324603182e-27 8.068696593478987826e-14 1.857886049603655596e-13 nan nan nan nan
1.202264434617113086e+13 2.017656196320691542e-01 1.600648554099941556e+00 -1.903680010527526889e+00 4.510312389721242234e-11 4.296235931060972333e-27 5.165211662638746381e-14 1.189333937655096812e-13 nan nan nan nan
1.258925411793852148e+13 2.000716294564278963e-01 1.609079829271389706e+00 -1.899279923610018184e+00 2.985724263986735781e-11 2.604178522350753358e-27 3.278466518635127336e-14 7.548948133689331181e-14 nan nan nan nan
1.318256738556075781e+13 1.983850149694061094e-01 1.617545616371926398e+00 -1.894751604847421778e+00 1.959035095139806869e-11 1.564754743231777134e-27 2.062748484452872225e-14 4.749653910897244186e-14 nan nan nan nan
1.380384264602536523e+13 1.967058864774310356e-01 1.626045627865959631e+00 -1.890354575415801985e+00 1.273792395294759972e-11 9.315947792091530560e-28 1.285958774206189149e-14 2.961029503692067521e-14 nan nan nan nan
1.445439770745561523e+13 1.950344074360862989e-01 1.634579287593390440e+00 -1.885936004560569756e+00 8.206123311266084894e-12 5.495311876256755945e-28 7.943142338591926970e-15 1.828976114037163455e-14 nan nan nan nan
1.513561248435823438e+13 1.933704007512412337e-01 1.643147754463588850e+00 -1.881313066809752854e+00 5.236462780285427711e-12 3.211373016041230640e-28 4.860609751352480680e-15 1.119196755632571778e-14 nan nan nan nan
1.584893192460708984e+13 1.917138601134347198e-01 1.651751330482920110e+00 -1.876812091197171739e+00 3.308962933373694078e-12 1.858183029291394089e-28 2.945021633469948640e-15 6.781162911772878305e-15 nan nan nan nan
1.659586907437135352e+13 1.900649978033024934e-01 1.660389171620767712e+00 -1.872353678125660670e+00 2.070222978425072329e-12 1.064471896335281674e-28 1.766583622492813025e-15 4.067709114679372363e-15 nan nan nan nan
1.737800828748928516e+13 1.884237211161431114e-01 1.669062016505871160e+00 -1.867674445519577064e+00 1.282010343980623350e-12 6.036803024842816179e-29 1.049076129956588379e-15 2.415587058253925026e-15 nan nan nan nan
1.819700858609513672e+13 1.867899040483790019e-01 1.677770801498198017e+00 -1.863050727608668744e+00 7.855685095327248259e-13 3.387422138035939925e-29 6.164094973056874697e-16 1.419335319676029380e-15 nan nan nan nan
1.905460717962753516e+13 1.851637704199328716e-01 1.686514599989380692e+00 -1.858524740265091957e+00 4.762180985790380822e-13 1.880254198967782790e-29 3.582750515917633174e-16 8.249587929868669241e-16 nan nan nan nan
1.995262314968360547e+13 1.835453288098846114e-01 1.695293618505680611e+00 -1.853819009838136633e+00 2.855209132284107852e-13 1.032369802760727349e-29 2.059848562559798710e-16 4.742976593975405795e-16 nan nan nan nan
2.089296130853493750e+13 1.819343710092246602e-01 1.704109255787155108e+00 -1.849068726550446851e+00 1.692492101827461179e-13 5.604284953828025290e-30 1.170901087023334502e-16 2.696099388350453863e-16 nan nan nan nan
2.187761623948979297e+13 1.803310842444406648e-01 1.712960760723827747e+00 -1.844451039028837336e+00 9.916757892343335838e-14 3.006783991863690210e-30 6.578126628903501907e-17 1.514669631554037874e-16 nan nan nan nan
2.290867652767170312e+13 1.787355706734552463e-01 1.721847824171482966e+00 -1.839734332046564891e+00 5.741838436013780809e-14 1.594235873428057666e-30 3.652183393317354163e-17 8.409463038332949727e-17 nan nan nan nan
2.398832919018857031e+13 1.771476034184092663e-01 1.730771976306286986e+00 -1.834858271354027792e+00 3.283984337886779701e-14 8.350721521586272516e-31 2.003198568354038986e-17 4.612535161799024696e-17 nan nan nan nan
2.511886431508914453e+13 1.755672831472681605e-01 1.739732929790944072e+00 -1.830139079012712111e+00 1.854790932469602093e-14 4.318902155743628519e-31 1.084859172402702123e-17 2.497980558372319432e-17 nan nan nan nan
2.630267991894682031e+13 1.739947850578409949e-01 1.748729951148693784e+00 -1.825407010463543811e+00 1.034230180722787071e-14 2.205204038150508913e-31 5.800277597144183024e-18 1.335563273041151967e-17 nan nan nan nan
2.754228703337430859e+13 1.724299301909891502e-01 1.757764326824385437e+00 -1.820432623895694935e+00 5.691040433423654158e-15 1.111369799942226195e-31 3.060966603023257745e-18 7.048136070273977024e-18 nan nan nan nan
2.884031503125833203e+13 1.708726946470109642e-01 1.766836475487638447e+00 -1.815598145280873155e+00 3.089308596919668912e-15 5.524647069743593426e-32 1.593325619279234484e-18 3.668767819237871782e-18 nan nan nan nan
3.019951720401203906e+13 1.693233011190412030e-01 1.775945367186833268e+00 -1.810824198631635573e+00 1.653893962931592720e-15 2.708307002039908430e-32 8.178956390185048266e-19 1.883274306028848566e-18 nan nan nan nan
3.162277660167525781e+13 1.677816620260353109e-01 1.785091775628815380e+00 -1.805796945060538228e+00 8.728815440554950770e-16 1.309114569667401453e-32 4.139783758259047574e-19 9.532204369986149537e-19 nan nan nan nan
3.311311214825013672e+13 1.662476307875066506e-01 1.794276850449934235e+00 -1.800825791951059074e+00 4.539532101611998058e-16 6.235015510383093175e-33 2.064607678413944225e-19 4.753934863196992557e-19 nan nan nan nan
3.467368504524373438e+13 1.647214368063974199e-01 1.803499493580894564e+00 -1.795977504342724407e+00 2.325660134337936143e-16 2.924994253226872277e-33 1.014203294955364686e-19 2.335289388229666146e-19 nan nan nan nan
3.630780547700022656e+13 1.632030985255897571e-01 1.812759850568700815e+00 -1.790931057337313836e+00 1.173247951984571900e-16 1.351403495345006678e-33 4.906649522992468201e-20 1.129797804818880248e-19 nan nan nan nan
3.801893963204570312e+13 1.616923895444907500e-01 1.822059578785031331e+00 -1.785820200196296836e+00 5.825267864617965147e-17 6.145299747496211583e-34 2.336377801208841662e-20 5.379708696665684996e-20 nan nan nan nan
3.981071705533878125e+13 1.601894953739275151e-01 1.831397818445830383e+00 -1.780871468004005864e+00 2.845603525588817675e-17 2.748957675090266172e-34 1.094379762001205033e-20 2.519902526058346604e-20 nan nan nan nan
4.168693834702203906e+13 1.586945299415447042e-01 1.840774119960978616e+00 -1.775821856368473339e+00 1.367093494074118331e-17 1.209447456142244853e-34 5.041816153816440251e-21 1.160921071739431145e-20 nan nan nan nan
4.365158322400451562e+13 1.572072554306321868e-01 1.850190245913218678e+00 -1.770573780368955852e+00 6.455636626245183606e-18 5.231011988689458738e-35 2.283419551700432889e-21 5.257767820796563633e-21 nan nan nan nan
4.570881896147480469e+13 1.557277611772515946e-01 1.859645916888179151e+00 -1.765514411586855958e+00 2.995100349335687305e-18 2.222498976059063535e-35 1.015878033387468609e-21 2.339145615978092966e-21 nan nan nan nan
4.786300923225049219e+13 1.542562346880134438e-01 1.869140197642242818e+00 -1.760454086378403948e+00 1.364735601521069405e-18 9.273748342974967000e-36 4.438695025573785458e-22 1.022047299823302399e-21 nan nan nan nan
5.011872336271320312e+13 1.527924949823391276e-01 1.878674520063705167e+00 -1.755105281829453689e+00 6.103700617964851592e-19 3.799006314899191675e-36 1.904013465496331140e-22 4.384153022511785086e-22 nan nan nan nan
5.248074602496252344e+13 1.513364984832099580e-01 1.888249454740325683e+00 -1.749917476801030825e+00 2.678001101628972197e-19 1.526488730393903591e-36 8.011126736976994136e-23 1.844630100264925952e-22 nan nan nan nan
5.495408738574697656e+13 1.498884786399870550e-01 1.897863737134447337e+00 -1.744813909064133473e+00 1.152203376627863455e-19 6.014249339768898737e-37 3.305075837773311287e-23 7.610218355271634620e-23 nan nan nan nan
5.754399373369942188e+13 1.484483532034048259e-01 1.907518171108369742e+00 -1.739418223503886196e+00 4.858394236726889014e-20 2.322779288543747210e-37 1.336619968247281906e-23 3.077681213884366232e-23 nan nan nan nan
6.025595860741867969e+13 1.470159530226420874e-01 1.917214174128148541e+00 -1.734078127990480667e+00 2.006376581184549288e-20 8.785440078621787650e-38 5.293751137253915802e-24 1.218931245466114403e-23 nan nan nan nan
6.309573444800135938e+13 1.455915128849818163e-01 1.926950435543640872e+00 -1.728892908765709890e+00 8.111462523340013098e-21 3.252561185633605895e-38 2.052227368446144387e-24 4.725428146018491343e-24 nan nan nan nan
6.606934480074072656e+13 1.441750615112080969e-01 1.936727012838073803e+00 -1.723488830149149775e+00 3.208514933661630938e-21 1.178346054163200554e-38 7.785255174710080882e-25 1.792621251044218861e-24 nan nan nan nan
6.918309709187382031e+13 1.427663528046377861e-01 1.946545881457876881e+00 -1.717993955042694143e+00 1.240765038966740485e-21 4.173724592866699878e-39 2.887511937430384302e-25 6.648741942969559429e-25 nan nan nan nan
7.244359600747817188e+13 1.413655695752685237e-01 1.956406051808620816e+00 -1.712699033485270750e+00 4.688481852172830158e-22 1.444296976624969877e-39 1.046300666894414634e-25 2.409196318380807990e-25 nan nan nan nan
7.585775750289648438e+13 1.399728380836781916e-01 1.966306888883935899e+00 -1.707302934721218524e+00 1.730169608443114973e-22 4.881233795114808485e-40 3.702794495447622429e-26 8.525999407638105108e-26 nan nan nan nan
7.943282347240514062e+13 1.385879087804479382e-01 1.976250434268116862e+00 -1.701658795623635534e+00 6.230014605386762598e-23 1.609985899583686487e-40 1.278857257546923592e-26 2.944677657294793378e-26 nan nan nan nan
8.317637711024293750e+13 1.372108577404450580e-01 1.986236428771711360e+00 -1.696243230882609865e+00 2.187528488270050336e-23 5.177194264368703428e-41 4.306202625061180578e-27 9.915397971877703186e-27 nan nan nan nan
8.709635899558267188e+13 1.358418854825313993e-01 1.996263676343672078e+00 -1.690843081491516520e+00 7.485816496146040839e-24 1.622463926221319848e-41 1.413107005755546265e-27 3.253799126258172267e-27 nan nan nan nan
9.120108393556429688e+13 1.344808087933129503e-01 2.006333775672371811e+00 -1.685097777345753611e+00 2.494386950570803277e-24 4.952237367216422385e-42 4.516494157963428594e-28 1.039961212072128556e-27 nan nan nan nan
9.549925860211556250e+13 1.331275620412359917e-01 2.016447497323460958e+00 -1.679538182902023058e+00 8.086696429218024307e-25 1.470419167313801900e-42 1.404239403128081876e-28 3.233380716637577869e-28 nan nan nan nan
9.999999999997054688e+13 1.317823898202165056e-01 2.026603278737416414e+00 -1.674094231055406778e+00 2.549225485472070362e-25 4.244876694267424174e-43 4.244876694266174055e-29 9.774189797815136164e-29 nan nan nan nan
1.047128548050590156e+14 1.304452154634951899e-01 2.036801945239557377e+00 -1.668311419573540455e+00 7.807233688998779131e-26 1.190814247411092229e-43 1.246935593889533294e-29 2.871175310413716626e-29 nan nan nan nan
1.096478196142860000e+14 1.291158449364249727e-01 2.047045254838682382e+00 -1.662581810994684162e+00 2.320587045753391923e-26 3.241971975660543130e-44 3.554751583817976141e-30 8.185118006196246885e-30 nan nan nan nan
1.148153621496541250e+14 1.277945181972660327e-01 2.057331631563776853e+00 -1.657048200700832474e+00 6.690043377512183356e-27 8.559206939289252795e-45 9.827284444483282053e-31 2.262815866647947804e-30 nan nan nan nan
1.202264434617054062e+14 1.264812747511262492e-01 2.067661007454241417e+00 -1.651272362140935090e+00 1.869059654769894282e-27 2.190239401846066938e-45 2.633246936136456496e-31 6.063275141320048814e-31 nan nan nan nan
1.258925411793790312e+14 1.251758470891814190e-01 2.078035753549710041e+00 -1.645370286367897839e+00 5.054374559174470143e-28 5.425405304154044464e-46 6.830180606680344967e-32 1.572707204739919013e-31 nan nan nan nan
1.318256738556011094e+14 1.238784141884791828e-01 2.088454725149907265e+00 -1.639717178658316454e+00 1.321978580554128959e-28 1.299564381016106726e-46 1.713159502461854116e-32 3.944695532289762011e-32 nan nan nan nan
1.380384264602468906e+14 1.225891153853319177e-01 2.098917040943916845e+00 -1.633964922590594782e+00 3.341448037864772627e-29 3.008435680297201074e-47 4.152797274150880245e-33 9.562169097686124823e-33 nan nan nan nan
1.445439770745490625e+14 1.213076885220123052e-01 2.109425080687890031e+00 -1.627901078332793627e+00 8.151516092615867176e-30 6.723075382058191143e-48 9.717800538946843440e-34 2.237606265766850836e-33 nan nan nan nan
1.513561248435749062e+14 1.200341942424072300e-01 2.119978624771146958e+00 -1.622116027328067256e+00 1.917374951105278233e-30 1.448317790504740045e-48 2.192117683128059925e-34 5.047537499259316678e-34 nan nan nan nan
1.584893192460631250e+14 1.187688469707391392e-01 2.130576137328157316e+00 -1.616369095321756433e+00 4.344907737710440067e-31 3.005695493209935363e-49 4.763706325798025915e-35 1.096883917318397159e-34 nan nan nan nan
1.659586907437054062e+14 1.175114610617889466e-01 2.141219409203337420e+00 -1.610206537998099208e+00 9.472917682752185857e-32 6.003136177953355563e-50 9.962726204493105772e-36 2.294002484404697586e-35 nan nan nan nan
1.737800828748843125e+14 1.162619461884391164e-01 2.151909476883113292e+00 -1.604258680866465614e+00 1.984567004489108339e-32 1.151900241669932573e-50 2.001773194610001523e-36 4.609253117464058463e-36 nan nan nan nan
1.819700858609424375e+14 1.150205586146031272e-01 2.162644396034673289e+00 -1.598468334118380962e+00 3.991628586802204487e-33 2.121764634348862223e-51 3.860976926891736061e-37 8.890227916254873524e-37 nan nan nan nan
1.905460717962660000e+14 1.137872276663296628e-01 2.173424998506733097e+00 -1.592282410498725653e+00 7.697851404308914405e-34 3.748255855307072500e-52 7.142154293161158676e-38 1.644541800729631029e-37 nan nan nan nan
1.995262314968262500e+14 1.125617318549070878e-01 2.184253480234425560e+00 -1.586144212245995888e+00 1.421157520829626527e-34 6.338573041472692119e-53 1.264711592032422309e-38 2.912106058750623058e-38 nan nan nan nan
2.089296130853391250e+14 1.113443161603138443e-01 2.195127931392423459e+00 -1.580255437608562907e+00 2.509249227267020854e-35 1.024939381813069611e-53 2.141401884781312947e-39 4.930760058006804902e-39 nan nan nan nan
2.187761623948871875e+14 1.101350315643752492e-01 2.206048106348924343e+00 -1.574098039109306679e+00 4.231795894888759282e-36 1.583282992677034526e-54 3.463845771229738890e-40 7.975799637264061113e-40 nan nan nan nan
2.290867652767057812e+14 1.089335872409382677e-01 2.217016873813948852e+00 -1.567766321607972468e+00 6.804419064410292916e-37 2.332110380033205944e-55 5.342556232300362083e-41 1.230169033897724893e-40 nan nan nan nan
2.398832919018739375e+14 1.077401570376640833e-01 2.228032904169422235e+00 -1.561747552101363068e+00 1.041898808718905159e-37 3.270429795651467826e-56 7.845214653148470343e-42 1.806427431167812172e-41 nan nan nan nan
2.511886431508790938e+14 1.065548943257003389e-01 2.239094986948121146e+00 -1.555635171569669239e+00 1.517367332272934467e-38 4.362262559729611200e-57 1.095750813446361681e-42 2.523059488677692019e-42 nan nan nan nan
2.630267991894553125e+14 1.053775233721938875e-01 2.250205916354245161e+00 -1.549128738914335557e+00 2.097606304598061063e-39 5.524551487283567427e-58 1.453105094657541577e-43 3.345898129512157422e-43 nan nan nan nan
2.754228703337295938e+14 1.042080869116410319e-01 2.261365543157624725e+00 -1.542964625401323620e+00 2.748258324884919395e-40 6.629363236911832422e-59 1.825878251195161628e-44 4.204240042824017373e-44 nan nan nan nan
2.884031503125691250e+14 1.030468143905031164e-01 2.272571885364607969e+00 -1.536870369205333819e+00 3.408415286737705769e-41 7.529731281549828604e-60 2.171598222606069048e-45 5.000289695345100433e-45 nan nan nan nan
3.019951720401055625e+14 1.018935175816616107e-01 2.283826956266099995e+00 -1.530271667160825633e+00 3.993258769087211496e-42 8.081810963899305504e-61 2.440667892438382257e-46 5.619845506077814543e-46 nan nan nan nan
3.162277660167370625e+14 1.007480784802868845e-01 2.295132150493182088e+00 -1.523921678387774925e+00 4.410779418967742196e-43 8.176527636236839717e-62 2.585645068181287316e-47 5.953667789767805993e-47 nan nan nan nan
3.311311214824851250e+14 9.961076567401001836e-02 2.306485031136304098e+00 -1.517785218883024978e+00 4.587214304832688436e-44 7.787612567166351616e-63 2.578720883036888953e-48 5.937724264273183103e-48 nan nan nan nan
3.467368504524203125e+14 9.848151504453665772e-02 2.317886412937754326e+00 -1.511183743765079912e+00 4.482950008956132812e-45 6.971868155038914938e-64 2.417403605847719771e-49 5.566277506575014020e-49 nan nan nan nan
3.630780547699844375e+14 9.736007473524074807e-02 2.329339062685650052e+00 -1.504619327380846583e+00 4.106610497824169110e-46 5.850317602315161875e-65 2.124121934835188326e-50 4.890971502853174582e-50 nan nan nan nan
3.801893963204384375e+14 9.624669463546477177e-02 2.340840647853640988e+00 -1.498374446993838482e+00 3.520943000812465714e-47 4.593723086566361586e-66 1.746484807144926163e-51 4.021429882072487878e-51 nan nan nan nan
3.981071705533683125e+14 9.514143813431814867e-02 2.352390672112447234e+00 -1.491831202919713828e+00 2.820047952977675988e-48 3.370160716714538894e-67 1.341685147241336856e-52 3.089344219529423664e-52 nan nan nan nan
4.168693834701999375e+14 9.404398900923188753e-02 2.363992637991776835e+00 -1.485047646700788482e+00 2.103895789812870652e-49 2.303389411602027984e-68 9.602125239063239764e-54 2.210971043652890334e-53 nan nan nan nan
4.365158322400236875e+14 9.295451454004424741e-02 2.375644996440147150e+00 -1.478661137739175624e+00 1.459337974315062469e-50 1.463275194615578500e-69 6.387427893738018551e-55 1.470759625069551738e-54 nan nan nan nan
4.570881896147256250e+14 9.187318342215161637e-02 2.387346093920510892e+00 -1.472191986543692543e+00 9.393730130221731659e-52 8.626825837911009667e-71 3.943220204372281983e-56 9.079600060980551282e-56 nan nan nan nan
4.786300923224814375e+14 9.079970536617971988e-02 2.399099238246016341e+00 -1.465220419086979753e+00 5.593931803857223716e-53 4.706600619566146586e-72 2.252720689067993107e-57 5.187081077327235705e-57 nan nan nan nan
5.011872336271074375e+14 8.973410241213375382e-02 2.410904399201687198e+00 -1.458672034742466650e+00 3.074204906175423927e-54 2.369038054532442471e-73 1.187331628908459414e-58 2.733932109164957111e-58 nan nan nan nan
5.248074602495995000e+14 8.867662044884620787e-02 2.422759004468035826e+00 -1.452237873817980418e+00 1.556215613165371507e-55 1.098292836378336367e-74 5.763922740700436836e-60 1.327192257990621051e-59 nan nan nan nan
5.495408738574427500e+14 8.762706864904643012e-02 2.434665325928341506e+00 -1.445185911258553002e+00 7.233589888837305153e-57 4.677098512168282085e-76 2.570256803494302915e-61 5.918235000892508520e-61 nan nan nan nan
5.754399373369660000e+14 8.658529798988204296e-02 2.446625246996117831e+00 -1.438422418843265493e+00 3.077465321454062956e-58 1.822640014746619431e-77 1.048819855873641438e-62 2.414996965370810507e-62 nan nan nan nan
6.025595860741572500e+14 8.555159024232812659e-02 2.458635690361663961e+00 -1.431947808421688784e+00 1.195979071796380646e-59 6.486766442991629198e-79 3.908663302848769143e-64 9.000029854672448197e-64 nan nan nan nan
6.309573444799826250e+14 8.452588865922537609e-02 2.470697416876753927e+00 -1.424922392729947918e+00 4.232595697915333855e-61 2.103066041849366786e-80 1.326944965031304520e-65 3.055403695704587288e-65 nan nan nan nan
6.606934480073748750e+14 8.350790777390940112e-02 2.482813947730301951e+00 -1.417914791783942530e+00 1.358651716681394086e-62 6.184180819594371055e-82 4.085847748798878828e-67 9.408012118627579818e-67 nan nan nan nan
6.918309709187042500e+14 8.249790234811905931e-02 2.494982412048155407e+00 -1.411319758604784758e+00 3.946590146452336985e-64 1.645139344630293914e-83 1.138158350092136943e-68 2.620706450388853176e-68 nan nan nan nan
7.244359600747461250e+14 8.149594942797132313e-02 2.507201960240709848e+00 -1.404392969449564710e+00 1.034346641814534070e-65 3.949446339372352482e-85 2.861120950626901762e-70 6.587974450166458242e-70 nan nan nan nan
7.585775750289276250e+14 8.050170513462601152e-02 2.519476912985354033e+00 -1.397134019559440832e+00 2.434592666702367796e-67 8.516628205409800063e-87 6.460523171482733421e-72 1.487590434759875790e-71 nan nan nan nan
7.943282347240125000e+14 7.951532854847545573e-02 2.531805463977173432e+00 -1.390383450988078362e+00 5.131259339512023028e-69 1.643957405727332522e-88 1.305841784052859208e-73 3.006811825768863338e-73 nan nan nan nan
8.317637711023885000e+14 7.853700536226776441e-02 2.544185359381862188e+00 -1.383569510319939688e+00 9.656378636700656036e-71 2.833449571888977269e-90 2.356760701142823772e-75 5.426642058205662116e-75 nan nan nan nan
8.709635899557840000e+14 7.756642978452893411e-02 2.556620551263351526e+00 -1.376108613659189128e+00 1.614475837157441791e-72 4.340429387376007099e-92 3.780355961178591424e-77 8.704591282421003413e-77 nan nan nan nan
9.120108393555981250e+14 7.660360002810470692e-02 2.569111205584015067e+00 -1.369174804506646304e+00 2.388678898768977728e-74 5.881787811457505714e-94 5.364254238838886373e-79 1.235165184538054154e-78 nan nan nan nan
9.549925860211087500e+14 7.564878024189755634e-02 2.581653962580370276e+00 -1.362417137242798670e+00 3.118517779480539200e-76 7.032272264395376507e-96 6.715767875379458777e-81 1.546362699785703802e-80 nan nan nan nan
9.999999999996563750e+14 7.470177718935092082e-02 2.594251396104266583e+00 -1.354895042482034295e+00 3.574553063094484258e-78 7.385153508336929618e-98 7.385153508334391727e-83 1.700494437776344884e-82 nan nan nan nan
1.047128548050538750e+15 7.376240710529237410e-02 2.606906065975445497e+00 -1.347707509698477857e+00 3.578451190580963905e-80 6.772144158878101657e-100 7.091305480274963095e-85 1.632833428874811270e-84 nan nan nan nan
1.096478196142806125e+15 7.283096610948207317e-02 2.619614055572109024e+00 -1.340910946807360782e+00 3.119166259777325073e-82 5.405705597827795604e-102 5.927238322785290892e-87 1.364797060466844099e-86 nan nan nan nan
1.148153621496485000e+15 7.190740603735826242e-02 2.632376014867706893e+00 -1.333456716428747857e+00 2.355852378138264818e-84 3.740320680173648015e-104 4.294462734499570295e-89 9.888365874877157949e-89 nan nan nan nan
1.202264434616995000e+15 7.099140429175897216e-02 2.645196475583193152e+00 -1.325986901698412490e+00 1.531673127978508039e-86 2.227763644850457111e-106 2.678360998936431046e-91 6.167154109807667753e-91 nan nan nan nan
1.258925411793728500e+15 7.008322062935455621e-02 2.658071876940866662e+00 -1.319054692543582652e+00 8.541084709413477518e-89 1.137655523652524065e-108 1.432223448593663781e-93 3.297816362568294331e-93 nan nan nan nan
1.318256738555946500e+15 6.918294752800500935e-02 2.671000869731358751e+00 -1.311753707640495037e+00 4.066228023412738021e-91 4.961028262700241851e-111 6.539908937471094241e-96 1.505869682895947143e-95 nan nan nan nan
1.380384264602401000e+15 6.829021120029458991e-02 2.683988843316680306e+00 -1.303991310904923928e+00 1.640177343095499927e-93 1.833424577252717311e-113 2.530830436774959996e-98 5.827452436613633163e-98 nan nan nan nan
1.445439770745419500e+15 6.740516088087798730e-02 2.697033693062372173e+00 -1.296886261659436546e+00 5.578857295888567435e-96 5.711275002169362032e-116 8.255304029799728073e-101 1.900853999715052799e-100 nan nan nan nan
1.513561248435674750e+15 6.652800164189193177e-02 2.710132342626822233e+00 -1.289749981060857476e+00 1.593060991542544961e-98 1.493606430766323957e-118 2.260664814022229590e-103 5.205373101023742724e-103 nan nan nan nan
1.584893192460553500e+15 6.565841158048785209e-02 2.723289558786936571e+00 -1.281771881971630389e+00 3.788053037211727787e-101 3.254176018909339778e-121 5.157521419437797564e-106 1.187563193719496444e-105 nan nan nan nan
1.659586907436972500e+15 6.479636177215884751e-02 2.736505822691500889e+00 -1.274455514901971842e+00 7.451636737417296825e-104 5.863028464856315076e-124 9.730205278205833264e-109 2.240462562536873351e-108 nan nan nan nan
1.737800828748758000e+15 6.394213717583288603e-02 2.749776711200982326e+00 -1.267402923984461527e+00 1.207330928785913064e-106 8.698974763905401527e-127 1.511708555397933887e-111 3.480837584610846603e-111 nan nan nan nan
1.819700858609335000e+15 6.309554287598602429e-02 2.763105147809578721e+00 -1.259393771742753243e+00 1.598137284119278707e-109 1.055015364114455932e-129 1.919812363925115683e-114 4.420531330519631715e-114 nan nan nan nan
1.905460717962566250e+15 6.225635641298611633e-02 2.776494637798312848e+00 -1.251772642115243972e+00 1.713096949674833454e-112 1.035914760990895819e-132 1.973894884225732407e-117 4.545060935555379547e-117 nan nan nan nan
1.995262314968164750e+15 6.142488996720576327e-02 2.789940151912180255e+00 -1.244682004234367811e+00 1.480019595703133099e-115 8.195348727747433738e-136 1.635187047449674945e-120 3.765157319714569242e-120 nan nan nan nan
2.089296130853288750e+15 6.060110580469458413e-02 2.803442138471132772e+00 -1.236799787719769839e+00 1.022617164418424960e-118 5.187509140405366627e-139 1.083824277581500168e-123 2.495597624984203094e-123 nan nan nan nan
2.187761623948764500e+15 5.978464051415800090e-02 2.817006498605873599e+00 -1.228846176233981069e+00 5.588538892503606982e-122 2.597160124106588111e-142 5.681967250770404275e-127 1.308321309050429392e-126 nan nan nan nan
2.290867652766945500e+15 5.897575922710010521e-02 2.830628780060367777e+00 -1.221600242315381557e+00 2.401651854178530694e-125 1.022076987059416475e-145 2.341443108291917335e-130 5.391371997246612266e-130 nan nan nan nan
2.398832919018621500e+15 5.817457228857320084e-02 2.844306921972537427e+00 -1.213945455596565193e+00 8.057559679274992772e-129 3.140815431476890365e-149 7.534291449588440140e-134 1.734834717809484339e-133 nan nan nan nan
2.511886431508668000e+15 5.738067372483747486e-02 2.858047727040242236e+00 -1.205645484389503697e+00 2.083565716029501371e-132 7.441485197203439932e-153 1.869216569712792601e-137 4.304030208998142280e-137 nan nan nan nan
2.630267991894424000e+15 5.659420106783589338e-02 2.871848753653708730e+00 -1.198204096544008390e+00 4.120220994680641073e-136 1.347628768204785046e-156 3.544624813965155903e-141 8.161800256892961007e-141 nan nan nan nan
2.754228703337160500e+15 5.581538175168501703e-02 2.885705788949383788e+00 -1.190782441474923514e+00 6.188067535910840388e-140 1.853488971782952864e-160 5.104932527403489056e-145 1.175454153833969310e-144 nan nan nan nan
2.884031503125550000e+15 5.504387729100976984e-02 2.899624642870704871e+00 -1.182253034403443870e+00 6.963238885088778455e-144 1.911124105675439442e-164 5.511742127150609700e-149 1.269125525840428627e-148 nan nan nan nan
3.019951720400907500e+15 5.427962777601966216e-02 2.913606301518353980e+00 -1.174560409137959782e+00 5.805850057495969048e-148 1.459410439203608024e-168 4.407349066643980048e-153 1.014829626047564987e-152 nan nan nan nan
3.162277660167215000e+15 5.352294202615269503e-02 2.927644894079705296e+00 -1.167256320999012331e+00 3.562633756824644486e-152 8.200060874639879473e-173 2.593086931588492332e-157 5.970803313513333124e-157 nan nan nan nan
3.311311214824688500e+15 5.277362453219827665e-02 2.941743748454315632e+00 -1.158740333867180450e+00 1.587520630741005752e-156 3.347947084463120220e-177 1.108609472742234844e-161 2.552667645888259069e-161 nan nan nan nan
3.467368504524033000e+15 5.203140961489360894e-02 2.955907711698393836e+00 -1.150673434407827100e+00 5.059523807862266107e-161 9.773889386304609164e-182 3.388967622477433223e-166 7.803386328156011534e-166 nan nan nan nan
3.630780547699666000e+15 5.129662761904672102e-02 2.970130267386419831e+00 -1.143328358616891638e+00 1.144796305877759395e-165 2.024918233015892619e-186 7.352033731116482114e-171 1.692868327245820687e-170 nan nan nan nan
3.801893963204197500e+15 5.056925363229938797e-02 2.984411523099431029e+00 -1.135022394497320120e+00 1.816097711582155949e-170 2.942774606916686230e-191 1.118811701310715468e-175 2.576159145305360676e-175 nan nan nan nan
3.981071705533487500e+15 4.984887939518126143e-02 2.998759262361938127e+00 -1.126553483750759810e+00 1.981519436396142657e-175 2.941601263063288923e-196 1.171072555734282966e-180 2.696494209648198945e-180 nan nan nan nan
4.168693834701795000e+15 4.913577593014962358e-02 3.013167875491283620e+00 -1.119025649833158997e+00 1.473187157424723453e-180 2.002557362168148450e-201 8.348048529307050066e-186 1.922209209917328183e-185 nan nan nan nan
4.365158322400023000e+15 4.843007458605325805e-02 3.027634282488621764e+00 -1.111047593762125363e+00 7.377729123772408769e-186 9.185184600601859212e-207 4.009478500209773833e-191 9.232165425263149518e-191 nan nan nan nan
4.570881896147032000e+15 4.773133494709181496e-02 3.042167179633642693e+00 -1.102160123854945217e+00 2.434343970472595412e-191 2.777062657417088815e-212 1.269362542525373759e-196 2.922815268023946448e-196 nan nan nan nan
4.786300923224579000e+15 4.703968080196861690e-02 3.056763761087224029e+00 -1.094405597468790514e+00 5.222941579219574204e-197 5.456194004786211791e-218 2.611498640240065984e-202 6.013197839390996465e-202 nan nan nan nan
5.011872336270829000e+15 4.635536579786608130e-02 3.071418226726496226e+00 -1.086750008217085117e+00 7.208928676071471520e-203 6.895831109421415710e-224 3.456102517290497355e-208 7.957970136172295292e-208 nan nan nan nan
5.248074602495737000e+15 4.567803481384509479e-02 3.086137735272472593e+00 -1.077620077905414808e+00 6.254313754680851742e-209 5.482303239362176738e-230 2.877153639367674765e-214 6.624891080261575398e-214 nan nan nan nan
5.495408738574158000e+15 4.500759273775811059e-02 3.100924075938966240e+00 -1.069555746639825777e+00 3.345369375968607738e-215 2.685625854641775991e-236 1.475861179013910713e-220 3.398295950126047815e-220 nan nan nan nan
5.754399373369378000e+15 4.434437617597728615e-02 3.115769383769249501e+00 -1.062059422636671524e+00 1.091799694411487735e-221 8.024677580987980277e-243 4.617719964352852814e-227 1.063269315353987516e-226 nan nan nan nan
6.025595860741277000e+15 4.368819085529572488e-02 3.130677445544140625e+00 -1.053008319035181994e+00 2.125811850715488008e-228 1.431637570792033587e-249 8.626469420646174665e-234 1.986317989314886573e-233 nan nan nan nan
6.309573444799517000e+15 4.303872294942455434e-02 3.145655034818237716e+00 -1.044473886674801122e+00 2.403805461475271662e-235 1.482883745692899748e-256 9.356363903548760959e-241 2.154382404893895761e-240 nan nan nan nan
6.606934480073424000e+15 4.239632376477039249e-02 3.160693624164280457e+00 -1.036926855286682603e+00 1.560497594854694107e-242 8.813405515144046391e-264 5.822959278487447480e-248 1.340785923175656191e-247 nan nan nan nan
6.918309709186703000e+15 4.176098447838747646e-02 3.175792761011602572e+00 -1.028203267253257724e+00 5.697711231455751369e-250 2.947859258702251963e-271 2.039420333079570604e-255 4.695938857297971533e-255 nan nan nan nan
7.244359600747106000e+15 4.113224777497961893e-02 3.190962847735164143e+00 -1.019168687405726637e+00 1.130720623908926055e-257 5.359780122554663989e-279 3.882817458872238257e-263 8.940517599616237532e-263 nan nan nan nan
7.585775750288904000e+15 4.051039140622988283e-02 3.206196759848529698e+00 -1.011399917545802829e+00 1.201254004117960129e-265 5.213465079058148739e-287 3.954817697169733060e-271 9.106304275012068442e-271 nan nan nan nan
7.943282347239735000e+15 3.989557183119575579e-02 3.221489942919532723e+00 -1.003141979190041777e+00 6.707634709627156239e-274 2.666003762201865185e-295 2.117682062197279549e-279 4.876143148116346068e-279 nan nan nan nan
8.317637711023477000e+15 3.928731207702685496e-02 3.236853660146331357e+00 -9.935907838987476648e-01 1.892905351055541775e-282 6.894338146792769096e-304 5.734460696231124943e-288 1.320408371550204690e-287 nan nan nan nan
8.709635899557412000e+15 3.868571985779986622e-02 3.252284742964632436e+00 -9.855507329650753379e-01 2.639119539029991422e-291 8.801558176257987180e-313 7.665836706397963352e-297 1.765124132547852617e-296 nan nan nan nan
9.120108393555534000e+15 3.809107977972869818e-02 3.267775150777680437e+00 -9.777303520935081149e-01 1.788005019133413450e-300 5.484128668837836640e-322 5.001584790400649371e-306 1.151657457972228390e-305 nan nan nan nan
9.549925860210618000e+15 3.750302031540399261e-02 3.283333807504977386e+00 -9.679248513834094458e-01 5.652612009714646348e-310 0.000000000000000000e+00 0.000000000000000000e+00 0.000000000000000000e+00 nan nan nan nan
9.999999999996074000e+15 3.692140610946374746e-02 3.298963784767627416e+00 -9.594834313195229614e-01 8.053270027212318670e-320 0.000000000000000000e+00 0.000000000000000000e+00 0.000000000000000000e+00 nan nan nan nan
1.047128548050487400e+16 3.634660594873729417e-02 3.314654450786000073e+00 -9.518697315230835176e-01 0.000000000000000000e+00 0.000000000000000000e+00 0.000000000000000000e+00 0.000000000000000000e+00 nan nan nan nan
1.096478196142752400e+16 3.577842888287117301e-02 3.330410112349973417e+00 -9.422327058652958387e-01 0.000000000000000000e+00 0.000000000000000000e+00 0.000000000000000000e+00 0.000000000000000000e+00 nan nan nan nan
1.148153621496428600e+16 3.521650674840409029e-02 3.346240364580864490e+00 -9.331794839070852721e-01 0.000000000000000000e+00 0.000000000000000000e+00 0.000000000000000000e+00 0.000000000000000000e+00 nan nan nan nan
1.202264434616936200e+16 3.466121441678031434e-02 3.362133957317139377e+00 -9.254831830370054968e-01 0.000000000000000000e+00 0.000000000000000000e+00 0.000000000000000000e+00 0.000000000000000000e+00 nan nan nan nan
1.258925411793666800e+16 3.411256227594661183e-02 3.378089567344462196e+00 -9.163282304750572926e-01 0.000000000000000000e+00 0.000000000000000000e+00 0.000000000000000000e+00 0.000000000000000000e+00 nan nan nan nan
1.318256738555881800e+16 3.357003814941220132e-02 3.394121331577011347e+00 -9.066169612486566498e-01 0.000000000000000000e+00 0.000000000000000000e+00 0.000000000000000000e+00 0.000000000000000000e+00 nan nan nan nan
1.380384264602333400e+16 3.303392599040809452e-02 3.410220185292356820e+00 -8.986231244138797036e-01 0.000000000000000000e+00 0.000000000000000000e+00 0.000000000000000000e+00 0.000000000000000000e+00 nan nan nan nan
1.445439770745348600e+16 3.250441071337242804e-02 3.426379484597178671e+00 -8.901005328820760232e-01 0.000000000000000000e+00 0.000000000000000000e+00 0.000000000000000000e+00 0.000000000000000000e+00 nan nan nan nan
1.513561248435600400e+16 3.198097477187755722e-02 3.442614091369261775e+00 -8.797105072394052483e-01 0.000000000000000000e+00 0.000000000000000000e+00 0.000000000000000000e+00 0.000000000000000000e+00 nan nan nan nan
1.584893192460475600e+16 3.146370475966059344e-02 3.458920627329764130e+00 -8.713459020038502034e-01 0.000000000000000000e+00 0.000000000000000000e+00 0.000000000000000000e+00 0.000000000000000000e+00 nan nan nan nan
1.659586907436891000e+16 3.095291950837443865e-02 3.475287954465918983e+00 -8.633709104432710779e-01 0.000000000000000000e+00 0.000000000000000000e+00 0.000000000000000000e+00 0.000000000000000000e+00 nan nan nan nan
1.737800828748672600e+16 3.044822899522997561e-02 3.491727447593843348e+00 -8.526746881101838760e-01 0.000000000000000000e+00 0.000000000000000000e+00 0.000000000000000000e+00 0.000000000000000000e+00 nan nan nan nan
1.819700858609245600e+16 2.994944885601377726e-02 3.508244356726434976e+00 -8.437141043807543372e-01 0.000000000000000000e+00 0.000000000000000000e+00 0.000000000000000000e+00 0.000000000000000000e+00 nan nan nan nan
1.905460717962472800e+16 2.945698222400191038e-02 3.524824309582876403e+00 -8.359418309386285051e-01 0.000000000000000000e+00 0.000000000000000000e+00 0.000000000000000000e+00 0.000000000000000000e+00 nan nan nan nan
1.995262314968066800e+16 2.897064138527554941e-02 3.541472327809243925e+00 -8.254797233345140262e-01 0.000000000000000000e+00 0.000000000000000000e+00 0.000000000000000000e+00 0.000000000000000000e+00 nan nan nan nan
2.089296130853186400e+16 2.848999417144124774e-02 3.558202335054957643e+00 -8.156385671932251391e-01 0.000000000000000000e+00 0.000000000000000000e+00 0.000000000000000000e+00 0.000000000000000000e+00 nan nan nan nan
2.187761623948657200e+16 2.801544042745885560e-02 3.574999476958396816e+00 -8.076613652282098599e-01 0.000000000000000000e+00 0.000000000000000000e+00 0.000000000000000000e+00 0.000000000000000000e+00 nan nan nan nan
2.290867652766833200e+16 2.754701366631306936e-02 3.591861146125618021e+00 -7.978489557408322552e-01 0.000000000000000000e+00 0.000000000000000000e+00 0.000000000000000000e+00 0.000000000000000000e+00 nan nan nan nan
2.398832919018503600e+16 2.708414304181175000e-02 3.608806849958870355e+00 -7.870877928938326829e-01 0.000000000000000000e+00 0.000000000000000000e+00 0.000000000000000000e+00 0.000000000000000000e+00 nan nan nan nan
2.511886431508544400e+16 2.662712465307568235e-02 3.625824858959781238e+00 -7.787198868328752965e-01 0.000000000000000000e+00 0.000000000000000000e+00 0.000000000000000000e+00 0.000000000000000000e+00 nan nan nan nan
2.630267991894294800e+16 2.617618860443219134e-02 3.642905113345086043e+00 -7.698609764719548387e-01 0.000000000000000000e+00 0.000000000000000000e+00 0.000000000000000000e+00 0.000000000000000000e+00 nan nan nan nan
2.754228703337025600e+16 2.573079319224205047e-02 3.660066825637717791e+00 -7.583932668611172989e-01 0.000000000000000000e+00 0.000000000000000000e+00 0.000000000000000000e+00 0.000000000000000000e+00 nan nan nan nan
2.884031503125408400e+16 2.529102922233736339e-02 3.677305522317863229e+00 -7.498558585213940253e-01 0.000000000000000000e+00 0.000000000000000000e+00 0.000000000000000000e+00 0.000000000000000000e+00 nan nan nan nan
3.019951720400759200e+16 2.485729846500899995e-02 3.694603868755946596e+00 -7.422410991384310597e-01 0.000000000000000000e+00 0.000000000000000000e+00 0.000000000000000000e+00 0.000000000000000000e+00 nan nan nan nan
3.162277660167060000e+16 2.442925042938296626e-02 3.711974076566216141e+00 -7.312235316512313288e-01 0.000000000000000000e+00 0.000000000000000000e+00 0.000000000000000000e+00 0.000000000000000000e+00 nan nan nan nan
3.311311214824526400e+16 2.400671803478671498e-02 3.729421569687844773e+00 -7.229124850601437169e-01 0.000000000000000000e+00 0.000000000000000000e+00 0.000000000000000000e+00 0.000000000000000000e+00 nan nan nan nan
3.467368504523862800e+16 2.359023372504762475e-02 3.746922477809701224e+00 -7.169262963087305041e-01 0.000000000000000000e+00 0.000000000000000000e+00 0.000000000000000000e+00 0.000000000000000000e+00 nan nan nan nan
3.630780547699488000e+16 2.317971865525947361e-02 3.764477578535929680e+00 -7.080226189189774422e-01 0.000000000000000000e+00 0.000000000000000000e+00 0.000000000000000000e+00 0.000000000000000000e+00 nan nan nan nan
3.801893963204011200e+16 2.277477845040558335e-02 3.782101563637301211e+00 -7.005143492198271371e-01 0.000000000000000000e+00 0.000000000000000000e+00 0.000000000000000000e+00 0.000000000000000000e+00 nan nan nan nan
3.981071705533292000e+16 2.237595281879871043e-02 3.799768431647505107e+00 -6.964113010210222221e-01 0.000000000000000000e+00 0.000000000000000000e+00 0.000000000000000000e+00 0.000000000000000000e+00 nan nan nan nan
4.168693834701590400e+16 2.198340756316566683e-02 3.817467311851274303e+00 -6.907747188675250616e-01 0.000000000000000000e+00 0.000000000000000000e+00 0.000000000000000000e+00 0.000000000000000000e+00 nan nan nan nan
4.365158322399808800e+16 2.159659468998506929e-02 3.835219629962028254e+00 -6.842768241923868899e-01 0.000000000000000000e+00 0.000000000000000000e+00 0.000000000000000000e+00 0.000000000000000000e+00 nan nan nan nan
4.570881896146807200e+16 2.121588559952140157e-02 3.853005057172643966e+00 -6.817440849475626674e-01 0.000000000000000000e+00 0.000000000000000000e+00 0.000000000000000000e+00 0.000000000000000000e+00 nan nan nan nan
4.786300923224344000e+16 2.084159266019245185e-02 3.870804641783274658e+00 -6.792175702698042272e-01 0.000000000000000000e+00 0.000000000000000000e+00 0.000000000000000000e+00 0.000000000000000000e+00 nan nan nan nan
5.011872336270582400e+16 2.047313927880198281e-02 3.888641531086822312e+00 -6.731176166609421641e-01 0.000000000000000000e+00 0.000000000000000000e+00 0.000000000000000000e+00 0.000000000000000000e+00 nan nan nan nan
5.248074602495480000e+16 2.011056257351547666e-02 3.906510100774569061e+00 -6.710829737227379521e-01 0.000000000000000000e+00 0.000000000000000000e+00 0.000000000000000000e+00 0.000000000000000000e+00 nan nan nan nan
5.495408738573888000e+16 1.975425310350849284e-02 3.924386463805757508e+00 -6.702776806900259121e-01 0.000000000000000000e+00 0.000000000000000000e+00 0.000000000000000000e+00 0.000000000000000000e+00 nan nan nan nan
5.754399373369095200e+16 1.940375095155542906e-02 3.942288883583852765e+00 -6.642322517158457673e-01 0.000000000000000000e+00 0.000000000000000000e+00 0.000000000000000000e+00 0.000000000000000000e+00 nan nan nan nan
6.025595860740980800e+16 1.905869950400423604e-02 3.960231614773148223e+00 -6.609682953967913610e-01 0.000000000000000000e+00 0.000000000000000000e+00 0.000000000000000000e+00 0.000000000000000000e+00 nan nan nan nan
6.309573444799207200e+16 1.871952330767763517e-02 3.978188272590372332e+00 -6.600593533278718006e-01 0.000000000000000000e+00 0.000000000000000000e+00 0.000000000000000000e+00 0.000000000000000000e+00 nan nan nan nan
6.606934480073100000e+16 1.838597975514815255e-02 3.996166874642662403e+00 -6.540185310283350706e-01 0.000000000000000000e+00 0.000000000000000000e+00 0.000000000000000000e+00 0.000000000000000000e+00 nan nan nan nan
6.918309709186363200e+16 1.805740555694955451e-02 4.014199398181729883e+00 -6.482123261875591957e-01 0.000000000000000000e+00 0.000000000000000000e+00 0.000000000000000000e+00 0.000000000000000000e+00 nan nan nan nan
7.244359600746750400e+16 1.773417744319938025e-02 4.032261572255084303e+00 -6.456804740632433592e-01 0.000000000000000000e+00 0.000000000000000000e+00 0.000000000000000000e+00 0.000000000000000000e+00 nan nan nan nan
7.585775750288531200e+16 1.741630524975562241e-02 4.050348428230838849e+00 -6.397874797040201678e-01 0.000000000000000000e+00 0.000000000000000000e+00 0.000000000000000000e+00 0.000000000000000000e+00 nan nan nan nan
7.943282347239345600e+16 1.710299510570225875e-02 4.068501678430661350e+00 -6.308309462354436681e-01 0.000000000000000000e+00 0.000000000000000000e+00 0.000000000000000000e+00 0.000000000000000000e+00 nan nan nan nan
8.317637711023068800e+16 1.679447014077739206e-02 4.086705605044463674e+00 -6.260694157093829038e-01 0.000000000000000000e+00 0.000000000000000000e+00 0.000000000000000000e+00 0.000000000000000000e+00 nan nan nan nan
8.709635899556984000e+16 1.649096422076397339e-02 4.104942671059834680e+00 -6.204117666431008260e-01 0.000000000000000000e+00 0.000000000000000000e+00 0.000000000000000000e+00 0.000000000000000000e+00 nan nan nan nan
9.120108393555086400e+16 1.619176398032813949e-02 4.123252562297044399e+00 -6.084846634959681921e-01 0.000000000000000000e+00 0.000000000000000000e+00 0.000000000000000000e+00 0.000000000000000000e+00 nan nan nan nan
9.549925860210150400e+16 1.589681027404006922e-02 4.141636801576762394e+00 -6.013685235074975877e-01 0.000000000000000000e+00 0.000000000000000000e+00 0.000000000000000000e+00 0.000000000000000000e+00 nan nan nan nan
