# [1] m:            [M_sun/h] 
# [2] sigma 
# [3] ln(1/sigma) 
# [4] n_eff 
# [5] f(sigma) 
# [6] dn/dm:        [h^4/(Mpc^3*M_sun)] 
# [7] dn/dlnm:      [h^3/Mpc^3] 
# [8] dn/dlog10m:   [h^3/Mpc^3] 
# [9] n(>m):        [h^3/Mpc^3] 
# [11] rho(>m):     [M_sun*h^2/Mpc^3] 
# [11] rho(<m):     [M_sun*h^2/Mpc^3] 
# [12] Lbox(N=1):   [Mpc/h]
1.000000000000000000e+08 1.243973207271265480e+00 -2.183104565217596216e-01 -2.515308955417428827e+00 2.945419520106713485e-01 1.792901058873621940e-07 1.792901058873621878e+01 4.128307251375642295e+01 nan nan nan nan
1.047128548050898463e+08 1.239348199400410966e+00 -2.145855957720119445e-01 -2.514074617330376960e+00 2.938935648886788488e-01 1.635700662876767438e-07 1.712788860164041793e+01 3.943842096859985702e+01 nan nan nan nan
1.096478196143182814e+08 1.234728603812262016e+00 -2.108511919323242112e-01 -2.512828306178043647e+00 2.932346284796917835e-01 1.492249594098524538e-07 1.636219143132547060e+01 3.767533807848494121e+01 nan nan nan nan
1.148153621496879309e+08 1.230114510083021750e+00 -2.071072626794838167e-01 -2.511591878762228447e+00 2.925650639555021360e-01 1.361286409672506446e-07 1.562965921159972815e+01 3.598862030920660970e+01 nan nan nan nan
1.202264434617408216e+08 1.225506018334054703e+00 -2.033538348952728947e-01 -2.510348212483964225e+00 2.918847948875653575e-01 1.241775204526200702e-07 1.492942164191609145e+01 3.437626371969868444e+01 nan nan nan nan
1.258925411794161052e+08 1.220903029190576028e+00 -1.995907728023607330e-01 -2.509084975125667416e+00 2.911937156281613759e-01 1.132745876241102050e-07 1.426042568704967195e+01 3.283584360674994684e+01 nan nan nan nan
1.318256738556399345e+08 1.216305569880598014e+00 -1.958180429959038571e-01 -2.507830941456313134e+00 2.904917390164546975e-01 1.033218708061072619e-07 1.362047524304046142e+01 3.136230325411942133e+01 nan nan nan nan
1.380384264602875412e+08 1.211713775871147591e+00 -1.920357012351524839e-01 -2.506576372009171827e+00 2.897787951453599242e-01 9.423900933554749025e-08 1.300860455985532305e+01 2.995341894017724016e+01 nan nan nan nan
1.445439770745916069e+08 1.207127587545132608e+00 -1.882436428628691816e-01 -2.505298897524887991e+00 2.890547845312968489e-01 8.595422088012530085e-08 1.242416493236121511e+01 2.860769696615431101e+01 nan nan nan nan
1.513561248436194658e+08 1.202546961957248639e+00 -1.844417758379087169e-01 -2.504025475483429908e+00 2.883196098692495934e-01 7.839307838071105249e-08 1.186527255826654859e+01 2.732079971697588050e+01 nan nan nan nan
1.584893192461097836e+08 1.197972048298348691e+00 -1.806301674497345633e-01 -2.502757449549318114e+00 2.875732051329537020e-01 7.149256365263582199e-08 1.133080774446542272e+01 2.609014900398756964e+01 nan nan nan nan
1.659586907437542677e+08 1.193402844489326764e+00 -1.768087596201203260e-01 -2.501468314014403838e+00 2.868154807731906897e-01 6.519878802030533747e-08 1.082030549792944463e+01 2.491467414117385815e+01 nan nan nan nan
1.737800828749355078e+08 1.188839251595994240e+00 -1.729774122660205915e-01 -2.500174582073259710e+00 2.860463309782034225e-01 5.945643793862221303e-08 1.033234471242222874e+01 2.379110291049927639e+01 nan nan nan nan
1.819700858609960079e+08 1.184281403537902566e+00 -1.691361801293329581e-01 -2.498890403617376688e+00 2.852656893020979467e-01 5.421586942206366834e-08 9.865666413761474018e+00 2.271653641677919921e+01 nan nan nan nan
1.905460717963221073e+08 1.179729359359029006e+00 -1.652850556959553907e-01 -2.497591125212562879e+00 2.844734779208062392e-01 4.943599188518431759e-08 9.419834059076727328e+00 2.168996948290766724e+01 nan nan nan nan
1.995262314968850315e+08 1.175182995657109819e+00 -1.614238764545284366e-01 -2.496277116387093820e+00 2.836695874850092003e-01 4.507633786882681150e-08 8.993911824647343067e+00 2.070924729513585305e+01 nan nan nan nan
2.089296130854006708e+08 1.170642400679003492e+00 -1.575526585405546964e-01 -2.494974818126038496e+00 2.828539459468476513e-01 4.109788219632805326e-08 8.586564625908197357e+00 1.977129570764621036e+01 nan nan nan nan
2.187761623949516118e+08 1.166107686340009053e+00 -1.536714390154449439e-01 -2.493665271822218976e+00 2.820264870157211945e-01 3.746897224656908788e-08 8.197317956987333787e+00 1.887502213029144116e+01 nan nan nan nan
2.290867652767732441e+08 1.161578743612559972e+00 -1.497800656893499838e-01 -2.492332652455933939e+00 2.811871048749496893e-01 3.416007368557502377e-08 7.825620782244604001e+00 1.801915775662082808e+01 nan nan nan nan
2.398832919019445777e+08 1.157055590438866188e+00 -1.458784941090594811e-01 -2.491010466691205849e+00 2.803357170381161056e-01 3.114092102650208467e-08 7.470186648695802845e+00 1.720074041917010632e+01 nan nan nan nan
2.511886431509530842e+08 1.152538375687729877e+00 -1.419667931110799863e-01 -2.489688727749388431e+00 2.794722669869559306e-01 2.838690516319768327e-08 7.130468191198410466e+00 1.641850976312167987e+01 nan nan nan nan
2.630267991895327568e+08 1.148027037123012573e+00 -1.380448491209245176e-01 -2.488340752665797684e+00 2.785966592652854845e-01 2.587622385115083549e-08 6.806140334680049087e+00 1.567171727545978754e+01 nan nan nan nan
2.754228703338106871e+08 1.143521516368166013e+00 -1.341125505416869423e-01 -2.486996708466756800e+00 2.777087990978043264e-01 2.358598182598343485e-08 6.496118814153451382e+00 1.495786634378789515e+01 nan nan nan nan
2.884031503126540780e+08 1.139021974273888960e+00 -1.301699768811304114e-01 -2.485659842540461462e+00 2.768086358900548327e-01 2.149682079866827195e-08 6.199750840042514533e+00 1.427545386455920706e+01 nan nan nan nan
3.019951720401945114e+08 1.134528413339760178e+00 -1.262170697366246930e-01 -2.484299448456251724e+00 2.758960893373490486e-01 1.959238507841953910e-08 5.916805702435048886e+00 1.362394860856910839e+01 nan nan nan nan
3.162277660168301463e+08 1.130040716908779830e+00 -1.222536647377254759e-01 -2.482932715939598634e+00 2.749710552327747637e-01 1.785575456483178999e-08 5.646485376581574123e+00 1.300151305592560469e+01 nan nan nan nan
3.311311214825826287e+08 1.125559025371619226e+00 -1.182798236782164475e-01 -2.481577724672686003e+00 2.740334829646549064e-01 1.627164467432991806e-08 5.388047949376958634e+00 1.240643888857252186e+01 nan nan nan nan
3.467368504525224566e+08 1.121083408211153598e+00 -1.142955465059959236e-01 -2.480206547840943188e+00 2.730833094042297571e-01 1.482757499075540533e-08 5.141266652143118954e+00 1.183820395233215095e+01 nan nan nan nan
3.630780547700913548e+08 1.116613726736206180e+00 -1.103006471520785875e-01 -2.478817359461825465e+00 2.721204280980172308e-01 1.351124144572628804e-08 4.905635261643337408e+00 1.129564262512589501e+01 nan nan nan nan
3.801893963205503821e+08 1.112150067579656509e+00 -1.062951395824760364e-01 -2.477442093342166807e+00 2.711447814884745400e-01 1.231061759776711599e-08 4.680366272828224261e+00 1.077694160956637326e+01 nan nan nan nan
3.981071705534855127e+08 1.107692556945303997e+00 -1.022790741404590448e-01 -2.476059821076940892e+00 2.701563230417083350e-01 1.121607767527394783e-08 4.465200948011426973e+00 1.028150514011399430e+01 nan nan nan nan
4.168693834703227282e+08 1.103241076793032072e+00 -9.825228102516377071e-02 -2.474650431816937779e+00 2.691549536635211570e-01 1.021868294044024991e-08 4.259856057260031470e+00 9.808681055747339173e+00 nan nan nan nan
4.365158322401522398e+08 1.098795634572127922e+00 -9.421470232621888263e-02 -2.473252861906702016e+00 2.681406028022471633e-01 9.309126535784506427e-09 4.063581117196859438e+00 9.356741304629579759e+00 nan nan nan nan
4.570881896148602366e+08 1.094356394544301336e+00 -9.016642292595776487e-02 -2.471857108462265362e+00 2.671132378300170029e-01 8.479905607892580392e-09 3.876064702416520458e+00 8.924968803264683004e+00 nan nan nan nan
4.786300923226223588e+08 1.089923293439096108e+00 -8.610732077310227772e-02 -2.470431405218440180e+00 2.660727758472627436e-01 7.724436903776445626e-09 3.697147948394791328e+00 8.512997752567367016e+00 nan nan nan nan
5.011872336272550821e+08 1.085496256036492246e+00 -8.203726126208291114e-02 -2.469009371830007016e+00 2.650191316884831783e-01 7.035715182740296974e-09 3.526210629026886867e+00 8.119400029154467902e+00 nan nan nan nan
5.248074602497540712e+08 1.081075455859826118e+00 -7.795633812651371619e-02 -2.467596720570812696e+00 2.639522811228774413e-01 6.407820079665027679e-09 3.362871781746379796e+00 7.743298434299540567e+00 nan nan nan nan
5.495408738576046228e+08 1.076660902100609940e+00 -7.386449446600150404e-02 -2.466158012431885371e+00 2.628721633209765152e-01 5.835814724907513132e-09 3.207018723596751109e+00 7.384433505906671691e+00 nan nan nan nan
5.754399373371354342e+08 1.072252459519771994e+00 -6.976153820543438966e-02 -2.464710797397805297e+00 2.617786831581466189e-01 5.314555288390336106e-09 3.058207362126076578e+00 7.041782683316148095e+00 nan nan nan nan
6.025595860743346214e+08 1.067850274854034831e+00 -6.564753862593727951e-02 -2.463277905994488926e+00 2.606718167716412515e-01 4.839357649671095826e-09 2.916001342251480555e+00 6.714341221818887817e+00 nan nan nan nan
6.309573444801684618e+08 1.063454430101095305e+00 -6.152250575195395560e-02 -2.461827884070452388e+00 2.595515274812945639e-01 4.406451036283199471e-09 2.780282644435133843e+00 6.401837371386404740e+00 nan nan nan nan
6.606934480075694323e+08 1.059064771567459928e+00 -5.738622770211218582e-02 -2.460355992890875143e+00 2.584177203321008087e-01 4.012119103124178992e-09 2.650780804060151041e+00 6.103648364223674960e+00 nan nan nan nan
6.918309709189080000e+08 1.054681383156865326e+00 -5.323871482850343201e-02 -2.458900513103595920e+00 2.572703628058941039e-01 3.652675137685491681e-09 2.527033786956309758e+00 5.818710327337890398e+00 nan nan nan nan
7.244359600749595165e+08 1.050304406945264946e+00 -4.908003352969221578e-02 -2.457438569341137580e+00 2.561094411148116534e-01 3.325206903879727897e-09 2.408899455859994099e+00 5.546695977584691128e+00 nan nan nan nan
7.585775750291509628e+08 1.045933717333819679e+00 -4.490999588521615848e-02 -2.455944964203221836e+00 2.549348731830891057e-01 3.027026686636209633e-09 2.296234563497021597e+00 5.287275475925931723e+00 nan nan nan nan
7.943282347242463827e+08 1.041569309812020228e+00 -4.072852757189544814e-02 -2.454464584827261042e+00 2.537466105628379820e-01 2.755290322284888005e-09 2.188604897853354991e+00 5.039449012250892146e+00 nan nan nan nan
8.317637711026334763e+08 1.037211364737972819e+00 -3.653573175498200931e-02 -2.452987765001009457e+00 2.525446583509637355e-01 2.507722027964951073e-09 2.085832330857271266e+00 4.802806431516977170e+00 nan nan nan nan
8.709635899560405016e+08 1.032859819928988676e+00 -3.233147902111866562e-02 -2.451477017196849406e+00 2.513289584093261197e-01 2.282346233547093610e-09 1.987840469092824192e+00 4.577171831383428646e+00 nan nan nan nan
9.120108393558667898e+08 1.028514582346277351e+00 -2.811560827606887983e-02 -2.449969425324384886e+00 2.500994454090768593e-01 2.077034582531428629e-09 1.894278052985650662e+00 4.361736406790544862e+00 nan nan nan nan
9.549925860213899612e+08 1.024175837835724856e+00 -2.388822851215200230e-02 -2.448473750658699988e+00 2.488561356718062834e-01 1.889986523827523319e-09 1.804923117935623766e+00 4.155989065358901335e+00 nan nan nan nan
9.999999999999508858e+08 1.019843604366015288e+00 -1.964928648715260837e-02 -2.446949531305767422e+00 2.475990018545363713e-01 1.719720315751654876e-09 1.719720315751570361e+00 3.959802363168579475e+00 nan nan nan nan
1.047128548050847054e+09 1.015517728282060439e+00 -1.539855957381670859e-02 -2.445414153204429120e+00 2.463279689078300139e-01 1.564684121872046385e-09 1.638425412694090477e+00 3.772613931252030373e+00 nan nan nan nan
1.096478196143129110e+09 1.011198361467359197e+00 -1.113612402480688122e-02 -2.443895943393265213e+00 2.450430538504983768e-01 1.423451344157062192e-09 1.560783362138848052e+00 3.593836503054038900e+00 nan nan nan nan
1.148153621496823072e+09 1.006885599841673695e+00 -6.862002359037834912e-03 -2.442359916843289902e+00 2.437442619339028060e-01 1.294889029284465902e-09 1.486731528409465319e+00 3.423325854599888807e+00 nan nan nan nan
1.202264434617349148e+09 1.002579276214414561e+00 -2.575955590165328064e-03 -2.440797613328138382e+00 2.424315222023654959e-01 1.177883321091688337e-09 1.416127225077504104e+00 3.260753438246485114e+00 nan nan nan nan
1.258925411794099331e+09 9.982794701278394633e-01 1.722011683592111807e-03 -2.439254337778548276e+00 2.411048409827258598e-01 1.071312125764337375e-09 1.348702059087880434e+00 3.105501256146128153e+00 nan nan nan nan
1.318256738556334734e+09 9.939863399424511137e-01 6.031814932616910707e-03 -2.437705471802494195e+00 2.397642538137476631e-01 9.742994556915597893e-10 1.284376822837167698e+00 2.957386926051916998e+00 nan nan nan nan
1.380384264602807522e+09 9.896997549118869975e-01 1.035365971831484801e-02 -2.436120012282957603e+00 2.384097100853758144e-01 8.860429792957903440e-10 1.223079786381700229e+00 2.816245283664844834e+00 nan nan nan nan
1.445439770745845318e+09 9.854196972492220707e-01 1.468763998211830742e-02 -2.434549062347124870e+00 2.370411970550124758e-01 8.056806395891370225e-10 1.164562838982088344e+00 2.681505032894981877e+00 nan nan nan nan
1.513561248436120510e+09 9.811463627412080335e-01 1.903363305202682501e-02 -2.432983735514100854e+00 2.356587748042117125e-01 7.325264309126647367e-10 1.108723619284628370e+00 2.552930478015191351e+00 nan nan nan nan
1.584893192461020231e+09 9.768796928191234574e-01 2.339177390840345080e-02 -2.431380393011945085e+00 2.342624263562746723e-01 6.659914220099983380e-10 1.055525270981080732e+00 2.430436754239537311e+00 nan nan nan nan
1.659586907437461376e+09 9.726195763682374817e-01 2.776225334308629264e-02 -2.429779351426644585e+00 2.328521201866470269e-01 6.054346934809063533e-10 1.004771490609324802e+00 2.313571856142438321e+00 nan nan nan nan
1.737800828749269724e+09 9.683662100448364729e-01 3.214494708705458587e-02 -2.428192969917126298e+00 2.314279306657859858e-01 5.503125664239968900e-10 9.563336340027593918e-01 2.202039569583577716e+00 nan nan nan nan
1.819700858609870911e+09 9.641196224186746599e-01 3.653990242414668216e-02 -2.426575748233765761e+00 2.299898819686278517e-01 5.001830315371240666e-10 9.101834919501927690e-01 2.095774940453780211e+00 nan nan nan nan
1.905460717963127375e+09 9.598796425849808189e-01 4.094737468733134628e-02 -2.424944198541264306e+00 2.285379341971521261e-01 4.545822292517987509e-10 8.661885809234114442e-01 1.994472914155914101e+00 nan nan nan nan
1.995262314968752384e+09 9.556464256466800089e-01 4.536728199116239063e-02 -2.423332789424627265e+00 2.270721626483271083e-01 4.130791947569217751e-10 8.242013503961238552e-01 1.897793743047677006e+00 nan nan nan nan
2.089296130853904009e+09 9.514200820512417334e-01 4.979958731178874692e-02 -2.421703223189869636e+00 2.255926336850247738e-01 3.753356822332816265e-10 7.841873886614056932e-01 1.805658191245680833e+00 nan nan nan nan
2.187761623949408531e+09 9.472004335339662129e-01 5.424455715194508726e-02 -2.420042456173239209e+00 2.240993171734616818e-01 3.410208265280858298e-10 7.460722772456546137e-01 1.717894903881965307e+00 nan nan nan nan
2.290867652767620087e+09 9.429875534498084466e-01 5.870219532252103634e-02 -2.418403340038780325e+00 2.225922754067097831e-01 3.097962527147483500e-10 7.097022142928399724e-01 1.634149739095559273e+00 nan nan nan nan
2.398832919019328117e+09 9.387816158525686960e-01 6.317239779972788627e-02 -2.416759839018687739e+00 2.210716131876850621e-01 2.814003083667101833e-10 6.750323231322544748e-01 1.554319364533468972e+00 nan nan nan nan
2.511886431509407520e+09 9.345824878071504749e-01 6.765538652548389043e-02 -2.415074525154801144e+00 2.195373301419243639e-01 2.555954286232516907e-10 6.420266891145771648e-01 1.478321083659547952e+00 nan nan nan nan
2.630267991895198822e+09 9.303901372379762558e-01 7.215127839494317463e-02 -2.413404782306518115e+00 2.179894663284326906e-01 2.321230100679796298e-10 6.105457235641738034e-01 1.405833481670130114e+00 nan nan nan nan
2.754228703337971687e+09 9.262047738016478959e-01 7.665993076862585853e-02 -2.411742983732529488e+00 2.164281571192543663e-01 2.107778861533773825e-10 5.805305040725352583e-01 1.336720884705739021e+00 nan nan nan nan
2.884031503126399040e+09 9.220263450927611570e-01 8.118148198044787545e-02 -2.410039098004094882e+00 2.148534471251943856e-01 1.913858055134463085e-10 5.519626923520012385e-01 1.270941067298576810e+00 nan nan nan nan
3.019951720401796818e+09 9.178547222461137522e-01 8.571615551909536612e-02 -2.408336252139363420e+00 2.132653563224291005e-01 1.737558520178692332e-10 5.247342842312442412e-01 1.208245340653763655e+00 nan nan nan nan
3.162277660168146610e+09 9.136901106215217228e-01 9.026381247761375293e-02 -2.406650924442655715e+00 2.116640374199986740e-01 1.577253549585662855e-10 4.987713664275653658e-01 1.148463513148382908e+00 nan nan nan nan
3.311311214825664043e+09 9.095325507622894490e-01 9.482449193125878917e-02 -2.404932752068240198e+00 2.100495876249799387e-01 1.431634146639201233e-10 4.740586205293756406e-01 1.091560312836261426e+00 nan nan nan nan
3.467368504525054455e+09 9.053818563197483238e-01 9.939848358934491590e-02 -2.403196530722943258e+00 2.084220211685207658e-01 1.299328934294689108e-10 4.505252223791508803e-01 1.037372661068060253e+00 nan nan nan nan
3.630780547700735569e+09 9.012381834407681147e-01 1.039857017690505731e-01 -2.401483489789156600e+00 2.067814916406701953e-01 1.179049304242310193e-10 4.280869278623066210e-01 9.857065786013646802e-01 nan nan nan nan
3.801893963205317020e+09 8.971016571001850792e-01 1.085860932441708726e-01 -2.399752331440067721e+00 2.051281485508438251e-01 1.069793388490494012e-10 4.067241025578969826e-01 9.365168555111951232e-01 nan nan nan nan
3.981071705534659863e+09 8.929720908174415550e-01 1.131999518779720076e-01 -2.397984547927128673e+00 2.034620232432266529e-01 9.705885527404908922e-11 3.863982625031003315e-01 8.897148791984390570e-01 nan nan nan nan
4.168693834703022480e+09 8.888495499796681409e-01 1.178272929085946025e-01 -2.396240992149847315e+00 2.017832536241985220e-01 8.804261053969096124e-11 3.670226877479690342e-01 8.451009695990819859e-01 nan nan nan nan
4.365158322401308060e+09 8.847342232299464371e-01 1.224679918116307886e-01 -2.394494566751905307e+00 2.000920359273522242e-01 7.985314310784312880e-11 3.485716122071040868e-01 8.026157981089793170e-01 nan nan nan nan
4.570881896148377419e+09 8.806259784140327840e-01 1.271222852847758711e-01 -2.392700882273254503e+00 1.983884421593465341e-01 7.242077779977342709e-11 3.310268221499687025e-01 7.622174260637091248e-01 nan nan nan nan
4.786300923225988388e+09 8.765247684044848997e-01 1.317903167149324095e-01 -2.390923539515817264e+00 1.966725848090474515e-01 6.566891009616312797e-11 3.143111650205099861e-01 7.237282031378179381e-01 nan nan nan nan
5.011872336272304535e+09 8.724308148537047725e-01 1.364719233462065862e-01 -2.389156679068142441e+00 1.949446964559418127e-01 5.953679085076584898e-11 2.983907950553834065e-01 6.870701965811673029e-01 nan nan nan nan
5.248074602497282982e+09 8.683440737097110063e-01 1.411672445837529877e-01 -2.387343746416551227e+00 1.932049062981810172e-01 5.397332696081627029e-11 2.832560464353417462e-01 6.522211500224471825e-01 nan nan nan nan
5.495408738575776100e+09 8.642643990377831820e-01 1.458765395870154635e-01 -2.385530123792744650e+00 1.914533060498239125e-01 4.892238652736068090e-11 2.688485104344396914e-01 6.190465723999950542e-01 nan nan nan nan
5.754399373371071815e+09 8.601920027179695838e-01 1.505996556787763396e-01 -2.383736976412770048e+00 1.896901481008267665e-01 4.433585146964082201e-11 2.551261959147740344e-01 5.874497755456371539e-01 nan nan nan nan
6.025595860743050575e+09 8.561269381594992511e-01 1.553366215921968829e-01 -2.381909302732609923e+00 1.879156257646055206e-01 4.017531302141323674e-11 2.420801998458839699e-01 5.574102594741519034e-01 nan nan nan nan
6.309573444801375389e+09 8.520690056417327130e-01 1.600877628952948606e-01 -2.380059258682467593e+00 1.861298287162749532e-01 3.640074929135240949e-11 2.296732010995896356e-01 5.288420891121388134e-01 nan nan nan nan
6.606934480075369835e+09 8.480183602045900937e-01 1.648529922399592784e-01 -2.378235518735515530e+00 1.843330093850591711e-01 3.297411816164345024e-11 2.178578382322415852e-01 5.016362107054678221e-01 nan nan nan nan
6.918309709188739777e+09 8.439751410062072967e-01 1.696322386040657604e-01 -2.376394061339956565e+00 1.825254229388134919e-01 2.986604900061645290e-11 2.066225767760714593e-01 4.757660651605998825e-01 nan nan nan nan
7.244359600749238968e+09 8.399391561759663727e-01 1.744258228920326503e-01 -2.374510044376722195e+00 1.807071845590065284e-01 2.704829703722239293e-11 1.959475903255192275e-01 4.511860004916449229e-01 nan nan nan nan
7.585775750291137695e+09 8.359104614550403323e-01 1.792337751561062786e-01 -2.372652777261897494e+00 1.788785275291482346e-01 2.449121655709740388e-11 1.857848766539582919e-01 4.277854874871419022e-01 nan nan nan nan
7.943282347242074013e+09 8.318892588949520217e-01 1.840559493095454413e-01 -2.370794442351295217e+00 1.770397610678044742e-01 2.217213592256828342e-11 1.761195358743884998e-01 4.055302178893970266e-01 nan nan nan nan
8.317637711025926590e+09 8.278754197435903572e-01 1.888925951638768530e-01 -2.368883200943718847e+00 1.751910522881784116e-01 2.007085295134971110e-11 1.669420834006023757e-01 3.843983526315957744e-01 nan nan nan nan
8.709635899559976578e+09 8.238688812804679795e-01 1.937438863939634215e-01 -2.366988735457221438e+00 1.733326055559613055e-01 1.816501962325586410e-11 1.582107070269207216e-01 3.642936155522359942e-01 nan nan nan nan
9.120108393558219910e+09 8.198698754183665338e-01 1.986096398303799082e-01 -2.365107515867667320e+00 1.714647708451742247e-01 1.643687516596707803e-11 1.499060831650050052e-01 3.451715124448662131e-01 nan nan nan nan
9.549925860213432312e+09 8.158783681628442030e-01 2.034899937523362567e-01 -2.363176346341658185e+00 1.695877840297492500e-01 1.487160764431938413e-11 1.420227504254334416e-01 3.270194679956168193e-01 nan nan nan nan
9.999999999999017715e+09 8.118941973612368024e-01 2.083852461262981626e-01 -2.361242218390417147e+00 1.677018281618149753e-01 1.345296983555617250e-11 1.345296983555485104e-01 3.097660779984716117e-01 nan nan nan nan
1.047128548050795746e+10 8.079175794041769665e-01 2.132952313518755305e-01 -2.359331668157909512e+00 1.658072738035674953e-01 1.216692983662618430e-11 1.274033957406228157e-01 2.933571598291792037e-01 nan nan nan nan
1.096478196143075180e+10 8.039485810613534733e-01 2.182199657520979275e-01 -2.357385216000281059e+00 1.639044308336170819e-01 1.100235298660213985e-11 1.206384015607889076e-01 2.777801850765022063e-01 nan nan nan nan
1.148153621496766663e+10 7.999869912980634989e-01 2.231598123238398845e-01 -2.355411409047437843e+00 1.619934841978143691e-01 9.947737766826958459e-12 1.142153114268253111e-01 2.629904734830804669e-01 nan nan nan nan
1.202264434617290115e+10 7.960329620539773332e-01 2.281146843795590351e-01 -2.353467181101124517e+00 1.600748018272045159e-01 8.992029344470599350e-12 1.081079707589202715e-01 2.489278019033260292e-01 nan nan nan nan
1.258925411794037437e+10 7.920866462502275107e-01 2.330844913205598057e-01 -2.351505963623478301e+00 1.581487627102047266e-01 8.126732273840242847e-12 1.023094977438422232e-01 2.355763243766790804e-01 nan nan nan nan
1.318256738556269836e+10 7.881478491743283410e-01 2.380695808680408643e-01 -2.349495714343555530e+00 1.562155852893094277e-01 7.343763629005106213e-12 9.680965890300427534e-02 2.229124774478959681e-01 nan nan nan nan
1.380384264602739906e+10 7.842166154156300362e-01 2.430700016212136993e-01 -2.347514702399822184e+00 1.542756132284830439e-01 6.634560810365779931e-12 9.158243345178924966e-02 2.108763460462091677e-01 nan nan nan nan
1.445439770745774269e+10 7.802931594504273205e-01 2.480855844614424377e-01 -2.345534708375209387e+00 1.523292841406325981e-01 5.992584796680428319e-12 8.661920394688370217e-02 1.994480877751054482e-01 nan nan nan nan
1.513561248436046219e+10 7.763773580607862268e-01 2.531165908369089612e-01 -2.343495946996812407e+00 1.503768779944706369e-01 5.412060504794387449e-12 8.191485054248011377e-02 1.886159137539499542e-01 nan nan nan nan
1.584893192460942268e+10 7.724691325339930748e-01 2.581632288933726205e-01 -2.341474016061706909e+00 1.484187048689523947e-01 4.886587963716895487e-12 7.744719998056485977e-02 1.783287681693773996e-01 nan nan nan nan
1.659586907437379837e+10 7.685687235773237536e-01 2.632252943968719783e-01 -2.339468367915761071e+00 1.464552442961253031e-01 4.411057463039217692e-12 7.320533213613829304e-02 1.685615065043500060e-01 nan nan nan nan
1.737800828749184418e+10 7.646761085039215367e-01 2.683029223860007861e-01 -2.337408985715683674e+00 1.444868535432481949e-01 3.981237105197114043e-12 6.918597140858548378e-02 1.593065864097212014e-01 nan nan nan nan
1.819700858609781647e+10 7.607911098496030755e-01 2.733964530852614483e-01 -2.335343770066045099e+00 1.425138198585059190e-01 3.592512005447063447e-12 6.537297180877969793e-02 1.505268303716161549e-01 nan nan nan nan
1.905460717963034058e+10 7.569139467927504805e-01 2.785057086341723442e-01 -2.333305472584254137e+00 1.405366406538618440e-01 3.240862650534627571e-12 6.175336472907293206e-02 1.421923770673876319e-01 nan nan nan nan
1.995262314968654251e+10 7.530446997397367559e-01 2.836306907399436250e-01 -2.331230172041804050e+00 1.385557528992186482e-01 2.923111634134061317e-12 5.832374486034132971e-02 1.342953854830100380e-01 nan nan nan nan
2.089296130853801727e+10 7.491831482321344993e-01 2.887718016815467581e-01 -2.329121793530910978e+00 1.365714481503723654e-01 2.636014324999125428e-12 5.507414530095868649e-02 1.268129059793755564e-01 nan nan nan nan
2.187761623949301147e+10 7.453294393220012415e-01 2.939289579121589502e-01 -2.327046511095557157e+00 1.345842150244252189e-01 2.376420785684012344e-12 5.199042197274929278e-02 1.197123706129226139e-01 nan nan nan nan
2.290867652767507553e+10 7.414837393428944656e-01 2.991020470540510789e-01 -2.324955275634710272e+00 1.325945619570187417e-01 2.141915964949042199e-12 4.906845999048062984e-02 1.129843045102554566e-01 nan nan nan nan
2.398832919019210052e+10 7.376458528855674990e-01 3.042914436969047509e-01 -2.322807935089893139e+00 1.306028191008145045e-01 1.930227858846930827e-12 4.630294129009982634e-02 1.066164623763623531e-01 nan nan nan nan
2.511886431509284210e+10 7.338158120254075767e-01 3.094972191527376459e-01 -2.320692310577238349e+00 1.286094425548325870e-01 1.738935821674575886e-12 4.368009295729815417e-02 1.005771309040689454e-01 nan nan nan nan
2.630267991895069504e+10 7.299938429160606201e-01 3.147191792368304042e-01 -2.318580096097914378e+00 1.266149985369103836e-01 1.566188882119701426e-12 4.119496485901370797e-02 9.485491199077852875e-02 nan nan nan nan
2.754228703337836456e+10 7.261798295175768692e-01 3.199575957696649819e-01 -2.316402993351466488e+00 1.246198835704435959e-01 1.410365451921543972e-12 3.884469009878355888e-02 8.944320436343243530e-02 nan nan nan nan
2.884031503126257706e+10 7.223736768179588319e-01 3.252127160566062325e-01 -2.314242357203106337e+00 1.226245128489275998e-01 1.269673686498299918e-12 3.661778910551548999e-02 8.431557533275974015e-02 nan nan nan nan
3.019951720401648712e+10 7.185756331251901274e-01 3.304843136931238656e-01 -2.312101390755543662e+00 1.206294897841377473e-01 1.142673326786030888e-12 3.450818279084549162e-02 7.945802728051450103e-02 nan nan nan nan
3.162277660167991257e+10 7.147856879442385791e-01 3.357725183592096263e-01 -2.309902960356764900e+00 1.186352903469533593e-01 1.028177816211387870e-12 3.251383738885582630e-02 7.486587728761187610e-02 nan nan nan nan
3.311311214825501251e+10 7.110036493091277388e-01 3.410777165491318264e-01 -2.307695128808454843e+00 1.166423024411903514e-01 9.249060891319626314e-13 3.062651905603062594e-02 7.052016622871419560e-02 nan nan nan nan
3.467368504524884033e+10 7.072297376860264828e-01 3.463997186473760648e-01 -2.305517903781774347e+00 1.146511387187829772e-01 8.317323509934205650e-13 2.883922558029022518e-02 6.640477091466882864e-02 nan nan nan nan
3.630780547700556946e+10 7.034640472792534904e-01 3.517385092357511733e-01 -2.303302819304476667e+00 1.126623529512255778e-01 7.477682785946739688e-13 2.714982520109072983e-02 6.251478278542559053e-02 nan nan nan nan
3.801893963205130768e+10 6.997063498257038994e-01 3.570945322025719793e-01 -2.301048091127874340e+00 1.106763355914302110e-01 6.721190956228904377e-13 2.555325532203559305e-02 5.883854478198992377e-02 nan nan nan nan
3.981071705534464264e+10 6.959567858627624393e-01 3.624677098529766051e-01 -2.298830311591653963e+00 1.086936786942375721e-01 6.039091201097642576e-13 2.404205510783196872e-02 5.535887769623525079e-02 nan nan nan nan
4.168693834702818298e+10 6.922155348915746131e-01 3.678579052537996330e-01 -2.296597927629322911e+00 1.067150016111431815e-01 5.424669531215785580e-13 2.261378643007947234e-02 5.207016753005203752e-02 nan nan nan nan
4.365158322401094055e+10 6.884824025440210438e-01 3.732655202627674362e-01 -2.294301673860361213e+00 1.047407322035145832e-01 4.871681197877500374e-13 2.126565972499990312e-02 4.896599107546863866e-02 nan nan nan nan
4.570881896148153687e+10 6.847574071403778051e-01 3.786906536059220785e-01 -2.292039623033266249e+00 1.027714167770812648e-01 4.373463063042350962e-13 1.999058313833293465e-02 4.603001873458354570e-02 nan nan nan nan
4.786300923225753784e+10 6.810407859822010801e-01 3.841330833159038449e-01 -2.289783745355940869e+00 1.008077229632750732e-01 3.924899856828837895e-13 1.878575180830849636e-02 4.325579207449708335e-02 nan nan nan nan
5.011872336272058868e+10 6.773324314646288480e-01 3.895930904518323246e-01 -2.287456520659272297e+00 9.885014126508992471e-02 3.521541671401915711e-13 1.764951728392852998e-02 4.063951539651459305e-02 nan nan nan nan
5.248074602497025299e+10 6.736322319996300712e-01 3.950709668430664734e-01 -2.285144943561553621e+00 9.689916518992715277e-02 3.158509565301976469e-13 1.657609383140522252e-02 3.816786655626422387e-02 nan nan nan nan
5.495408738575506592e+10 6.699404424835451177e-01 4.005664623638412469e-01 -2.282856857487469249e+00 9.495548595025153638e-02 2.831848908525492449e-13 1.556216723823650172e-02 3.583321429744368986e-02 nan nan nan nan
5.754399373370790100e+10 6.662570652343089428e-01 4.060796990790468963e-01 -2.280507586152807242e+00 9.301966537394278089e-02 2.538312915470186345e-13 1.460646625020062435e-02 3.363263144903259894e-02 nan nan nan nan
6.025595860742755127e+10 6.625818944507149144e-01 4.116111144961434598e-01 -2.278144555282288763e+00 9.109215986585883496e-02 2.274444813614658693e-13 1.370488525440431531e-02 3.155666448798528922e-02 nan nan nan nan
6.309573444801065063e+10 6.589151505556889443e-01 4.171605076164561776e-01 -2.275816282555903403e+00 8.917365283213476990e-02 2.037180359452785133e-13 1.285373909827358142e-02 2.959682803691947653e-02 nan nan nan nan
6.606934480075045776e+10 6.552569416434642635e-01 4.227278429492507539e-01 -2.273449518336002395e+00 8.726477077916967862e-02 1.824101140017563900e-13 1.205171671712624258e-02 2.775010325784202717e-02 nan nan nan nan
6.918309709188400269e+10 6.516070329648073756e-01 4.283136089349514619e-01 -2.271035572031834704e+00 8.536596369372655146e-02 1.632808494349456463e-13 1.129627485970313705e-02 2.601063409831584974e-02 nan nan nan nan
7.244359600748883057e+10 6.479655570451228197e-01 4.339177367506614758e-01 -2.268662862484524645e+00 8.347787503870400527e-02 1.460942692556494166e-13 1.058359422096556181e-02 2.436962628349323423e-02 nan nan nan nan
7.585775750290765381e+10 6.443327064308523866e-01 4.395400613898505227e-01 -2.266277233214576192e+00 8.160117957385891463e-02 1.306690095533545301e-13 9.912258039843491533e-03 2.282381760045400568e-02 nan nan nan nan
7.943282347241683960e+10 6.407082891799026347e-01 4.451810127278562068e-01 -2.263819168787736480e+00 7.973635374175166990e-02 1.168382502651881615e-13 9.280792108140751076e-03 2.136981355938167779e-02 nan nan nan nan
8.317637711025517273e+10 6.370923086923736545e-01 4.508407223036638989e-01 -2.261397802005543411e+00 7.788397562176586908e-02 1.044246132292940792e-13 8.685661009552305897e-03 1.999947356339475471e-02 nan nan nan nan
8.709635899559548950e+10 6.334850130412910119e-01 4.565189368941682257e-01 -2.258985841979610498e+00 7.604474734398226909e-02 9.329103141394430590e-14 8.125309163098269963e-03 1.870921575491800437e-02 nan nan nan nan
9.120108393557772827e+10 6.298863040260783697e-01 4.622159456830681190e-01 -2.256495640135947944e+00 7.421919225924829278e-02 8.331897346613149124e-14 7.598780692510831956e-03 1.749683914750641348e-02 nan nan nan nan
9.549925860212962341e+10 6.262960532007153525e-01 4.679320912417974654e-01 -2.254019784387888414e+00 7.240781782188451809e-02 7.438013054489127787e-14 7.103247321766733083e-03 1.635583139494995938e-02 nan nan nan nan
9.999999999998527527e+10 6.227145212319515899e-01 4.736670975876906553e-01 -2.251571783921764602e+00 7.061132530694007314e-02 6.636952089508446883e-14 6.636952089507469794e-03 1.528214694421558412e-02 nan nan nan nan
1.047128548050744324e+11 6.191417237910714633e-01 4.794210764602417352e-01 -2.249058860014873318e+00 6.883028811419980575e-02 5.920108313175834116e-14 6.199114422278952617e-03 1.427398845850391326e-02 nan nan nan nan
1.096478196143021393e+11 6.155774418050918850e-01 4.851945219300706769e-01 -2.246526918163050279e+00 6.706515983800728775e-02 5.278479911057910507e-14 5.787738131253953623e-03 1.332675954317857035e-02 nan nan nan nan
1.148153621496710358e+11 6.120218945137358979e-01 4.909872217604918099e-01 -2.244034496920641608e+00 6.531660751368281725e-02 4.704026558931443439e-14 5.400945129253845352e-03 1.243613574269870556e-02 nan nan nan nan
1.202264434617231140e+11 6.084752040635434955e-01 4.967991166641336775e-01 -2.241503200228065928e+00 6.358524282583526144e-02 4.190388164209994629e-14 5.037954657070665976e-03 1.160031929255084596e-02 nan nan nan nan
1.258925411793975677e+11 6.049371303189311488e-01 5.026307431792362834e-01 -2.238916054641934661e+00 6.187149497931314357e-02 3.731361603048039874e-14 4.697505942669482661e-03 1.081640715784169468e-02 nan nan nan nan
1.318256738556205292e+11 6.014077963943441629e-01 5.084820447698943369e-01 -2.236374975386733244e+00 6.017596418200313324e-02 3.320835608367903645e-14 4.377713918368384902e-03 1.008005880982759672e-02 nan nan nan nan
1.380384264602672119e+11 5.978874079002316488e-01 5.143528238619089477e-01 -2.233823057251691058e+00 5.849928054610372546e-02 2.954090327653808181e-14 4.077779804508269157e-03 9.389434990372915943e-03 nan nan nan nan
1.445439770745703430e+11 5.943757764472794580e-01 5.202435393577339307e-01 -2.231189215829642691e+00 5.684187748789164968e-02 2.626830488563885703e-14 3.796925259177606933e-03 8.742743500994911224e-03 nan nan nan nan
1.513561248435971985e+11 5.908728894234754891e-01 5.261543618260777766e-01 -2.228594575000994560e+00 5.520426467321586095e-02 2.334530142132268295e-14 3.533454356437122981e-03 8.136079327906988942e-03 nan nan nan nan
1.584893192460864563e+11 5.873790054195771049e-01 5.320850023960667086e-01 -2.226013176835683005e+00 5.358706736727951447e-02 2.073660832800237565e-14 3.286530937377823546e-03 7.567517144069924560e-03 nan nan nan nan
1.659586907437298279e+11 5.838940364169978858e-01 5.380357571083951296e-01 -2.223346102503680921e+00 5.199073758521655791e-02 1.841186035245820901e-14 3.055608238250352195e-03 7.035797979425060036e-03 nan nan nan nan
1.737800828749099121e+11 5.804178367653797244e-01 5.440070265949387140e-01 -2.220691536642896757e+00 5.041569184728796754e-02 1.633876745251056157e-14 2.839352361971165997e-03 6.537850422432241529e-03 nan nan nan nan
1.819700858609692383e+11 5.769506721498599555e-01 5.499985063367486271e-01 -2.218069847916365411e+00 4.886252090008581794e-02 1.449065434351283124e-14 2.636865615070656688e-03 6.071607457490270192e-03 nan nan nan nan
1.905460717962940369e+11 5.734925719905329400e-01 5.560102945619209702e-01 -2.215379439344848045e+00 4.733169319924883378e-02 1.284564431888653726e-14 2.447687064656210547e-03 5.636007747391744149e-03 nan nan nan nan
1.995262314968556519e+11 5.700433042848139786e-01 5.620429486098018623e-01 -2.212663680638335073e+00 4.582354930535416371e-02 1.138133424952015713e-14 2.270874732212850664e-03 5.228882306450155851e-03 nan nan nan nan
2.089296130853699036e+11 5.666030859516242302e-01 5.680962451628114307e-01 -2.209992968173659644e+00 4.433861306489539356e-02 1.007760260181772548e-14 2.105509612425894485e-03 4.848115046727535966e-03 nan nan nan nan
2.187761623949194031e+11 5.631720533201989287e-01 5.741700966049209098e-01 -2.207283267871231303e+00 4.287735415067420175e-02 8.918466203867084350e-15 1.951147810530825697e-03 4.492683862756250042e-03 nan nan nan nan
2.290867652767395325e+11 5.597499617106972414e-01 5.802650919075678093e-01 -2.204507719932489174e+00 4.144006409778007438e-02 7.888611263329596478e-15 1.807176436841830902e-03 4.161177523882095969e-03 nan nan nan nan
2.398832919019092407e+11 5.563369234249745388e-01 5.863811908786616955e-01 -2.201783713575595769e+00 4.002717022172507660e-02 6.972999599957177849e-15 1.672706098468424102e-03 3.851548127293624203e-03 nan nan nan nan
2.511886431509161072e+11 5.529331572189366550e-01 5.925181577873489536e-01 -2.199051416742824117e+00 3.863912268667568650e-02 6.159934043991314278e-15 1.547305474409313821e-03 3.562802519682966261e-03 nan nan nan nan
2.630267991894940491e+11 5.495384791335717889e-01 5.986764818693615098e-01 -2.196226634784885334e+00 3.727618742061806351e-02 5.438877345317645319e-15 1.430570499323152852e-03 3.294010306218540535e-03 nan nan nan nan
2.754228703337701416e+11 5.461528594288285188e-01 6.048563800955089054e-01 -2.193443536963807450e+00 3.593867639809666253e-02 4.798892499171940310e-15 1.321724746545135422e-03 3.043383698436162403e-03 nan nan nan nan
2.884031503126116333e+11 5.427765670047212110e-01 6.110575225415066924e-01 -2.190678291599664540e+00 3.462699768535924122e-02 4.231362131481777197e-15 1.220338168832831678e-03 2.809932475966129585e-03 nan nan nan nan
3.019951720401500244e+11 5.394095246840290292e-01 6.172802105087340507e-01 -2.187819277202962098e+00 3.334140073747107053e-02 3.728899565361800392e-15 1.126109665761877623e-03 2.592963329459806870e-03 nan nan nan nan
3.162277660167836304e+11 5.360515691875227251e-01 6.235249113685815692e-01 -2.184970324783307216e+00 3.208208388052407461e-02 3.283826166688825627e-15 1.038437012679465461e-03 2.391089585409006315e-03 nan nan nan nan
3.311311214825338745e+11 5.327029705627673861e-01 6.297912886475356409e-01 -2.182160101101478844e+00 3.084938615541010440e-02 2.889741456435490219e-15 9.568833292640546674e-04 2.203305289697925391e-03 nan nan nan nan
3.467368504524713745e+11 5.293637723683852769e-01 6.360794230222051038e-01 -2.179277288892689235e+00 2.964353564804976179e-02 2.541385926264364574e-15 8.811921518571424637e-04 2.029019912929601668e-03 nan nan nan nan
3.630780547700379028e+11 5.260337299096335961e-01 6.423899429968805697e-01 -2.176361514840864153e+00 2.846463509360575017e-02 2.233502378785084067e-15 8.109356990135406680e-04 1.867248451925285126e-03 nan nan nan nan
3.801893963204943848e+11 5.227130567191464738e-01 6.487226142005578788e-01 -2.173497306034807508e+00 2.731292791563076985e-02 1.961357224584190718e-15 7.456872191835037895e-04 1.717008274928119669e-03 nan nan nan nan
3.981071705534268799e+11 5.194019035358203862e-01 6.550773148856948724e-01 -2.170594329757715713e+00 2.618860615522176916e-02 1.721169145204901766e-15 6.852097784413838273e-04 1.577753821412883339e-03 nan nan nan nan
4.168693834702613525e+11 5.161000218288863683e-01 6.614546915316099618e-01 -2.167613942730822529e+00 2.509170161591279397e-02 1.509381695395543117e-15 6.292150167808379215e-04 1.448821117927555835e-03 nan nan nan nan
4.365158322400879517e+11 5.128075116766656061e-01 6.678547251275307461e-01 -2.164691340342602910e+00 2.402234032124844418e-02 1.322532845060656596e-15 5.773065255265038024e-04 1.329297399765514212e-03 nan nan nan nan
4.570881896147929077e+11 5.095246051490023298e-01 6.742771347493938805e-01 -2.161763588433469607e+00 2.298066127568596309e-02 1.157905750869726535e-15 5.292650434096006842e-04 1.218677799197793055e-03 nan nan nan nan
4.786300923225518799e+11 5.062511234282428552e-01 6.807224414463336482e-01 -2.158731536264479889e+00 2.196664496584789517e-02 1.013077120629384008e-15 4.848891957767070869e-04 1.116498633949317143e-03 nan nan nan nan
5.011872336271812744e+11 5.029870185060097976e-01 6.871909173545791560e-01 -2.155743601142448007e+00 2.098029022234618179e-02 8.855845271642689424e-16 4.438436593124953046e-04 1.021987793552879683e-03 nan nan nan nan
5.248074602496767578e+11 4.997325693982930805e-01 6.936821848526368850e-01 -2.152779104937177834e+00 2.002166611036964444e-02 7.734656663066547232e-16 4.059205519247194587e-04 9.346666118017746185e-04 nan nan nan nan
5.495408738575236816e+11 4.964877103205169173e-01 7.001965484306187371e-01 -2.149711961692197359e+00 1.909070905168886931e-02 6.750443333683048474e-16 3.709644528517878014e-04 8.541772191672192217e-04 nan nan nan nan
5.754399373370507812e+11 4.932522597856541235e-01 7.067345526694222002e-01 -2.146651702098917980e+00 1.818729898317537202e-02 5.886249957925420021e-16 3.387183306938821681e-04 7.799277789795606812e-04 nan nan nan nan
6.025595860742459717e+11 4.900264915461424176e-01 7.132958249590082289e-01 -2.143637052331007098e+00 1.731141659640757224e-02 5.127842099618536974e-16 3.089830413000238182e-04 7.114597448853984861e-04 nan nan nan nan
6.309573444800755615e+11 4.868104636363362880e-01 7.198804233661327823e-01 -2.140545856440096539e+00 1.646295138487556542e-02 4.463490070082211796e-16 2.816271841732258838e-04 6.484705560591586286e-04 nan nan nan nan
6.606934480074721680e+11 4.836039187364138958e-01 7.264890570145831061e-01 -2.137412523682316934e+00 1.564168487910280389e-02 3.881779375151472686e-16 2.564666199773117379e-04 5.905362160103269338e-04 nan nan nan nan
6.918309709188061523e+11 4.804070658592577425e-01 7.331214806012568141e-01 -2.134338533994238674e+00 1.484749410160261449e-02 3.372449185979760366e-16 2.333164794710715026e-04 5.372310475799405233e-04 nan nan nan nan
7.244359600748527832e+11 4.772200704141305594e-01 7.397775309375994590e-01 -2.131226409379351150e+00 1.408021303610245897e-02 2.927251275199532165e-16 2.120606087929510276e-04 4.882875966178911679e-04 nan nan nan nan
7.585775750290393066e+11 4.740426805480996153e-01 7.464579179902987027e-01 -2.128023439517563453e+00 1.333954893393311282e-02 2.538575725306382142e-16 1.925706617730499955e-04 4.434103351466232748e-04 nan nan nan nan
7.943282347241293945e+11 4.708749826539931349e-01 7.531626498077490517e-01 -2.124885408527052100e+00 1.262526605438893910e-02 2.199123561287038377e-16 1.746825936377373887e-04 4.022215361157906741e-04 nan nan nan nan
8.317637711025109863e+11 4.677172223499990733e-01 7.598913914302980466e-01 -2.121746155450338289e+00 1.193713486676889306e-02 1.903111912273241810e-16 1.582939540982502722e-04 3.644852990177148357e-04 nan nan nan nan
8.709635899559122314e+11 4.645692265408244981e-01 7.666446972992569941e-01 -2.118489286543587369e+00 1.127480716997653412e-02 1.645435585079856416e-16 1.433114484222358642e-04 3.299868047924254047e-04 nan nan nan nan
9.120108393557324219e+11 4.614309277380643781e-01 7.734229052807058968e-01 -2.115278886643151335e+00 1.063793680520165423e-02 1.421045439306394118e-16 1.296008843864459995e-04 2.984170644270753682e-04 nan nan nan nan
9.549925860212493896e+11 4.583026148974151948e-01 7.802255818376557794e-01 -2.112098751348666870e+00 1.002622440915098417e-02 1.225875188504818620e-16 1.170701716409503293e-04 2.695640320547065144e-04 nan nan nan nan
9.999999999998037109e+11 4.551842341626607391e-01 7.870530317376129847e-01 -2.108806190309764794e+00 9.439276003931051581e-03 1.056464756688522176e-16 1.056464756688314831e-04 2.432600000024095566e-04 nan nan nan nan
1.047128548050692871e+12 4.520755851539823844e-01 7.939058893382491267e-01 -2.105516436994609553e+00 8.876651147451777510e-03 9.094224779230586998e-17 9.522822388722356997e-05 2.192710887550204993e-04 nan nan nan nan
1.096478196142967529e+12 4.489769447103498790e-01 8.007837406420940107e-01 -2.102280494063393235e+00 8.337975145273568423e-03 7.818895800195608635e-17 8.573248762828306058e-05 1.974063479981810396e-04 nan nan nan nan
1.148153621496654053e+12 4.458883857041927024e-01 8.076866145500246619e-01 -2.098963973822113971e+00 7.822811815878428013e-03 6.715049312729006470e-17 7.709908186938426616e-05 1.775271965959717303e-04 nan nan nan nan
1.202264434617172119e+12 4.428096381403469062e-01 8.146153120332585429e-01 -2.095594235734091093e+00 7.330650035984970399e-03 5.760364642897089348e-17 6.925481540581418375e-05 1.594651055714821309e-04 nan nan nan nan
1.258925411793913818e+12 4.397409053131013379e-01 8.215695770721348490e-01 -2.092293200259711217e+00 6.861038599011765396e-03 4.934914343345815738e-17 6.212689071864323275e-05 1.430524524428180590e-04 nan nan nan nan
1.318256738556140625e+12 4.366823676269700472e-01 8.285491957038240152e-01 -2.088955204067250548e+00 6.413500290693393766e-03 4.222591002235005121e-17 5.566459042862823101e-05 1.281724561285784217e-04 nan nan nan nan
1.380384264602604248e+12 4.336337702855326826e-01 8.355549483896180796e-01 -2.085510666166439542e+00 5.987477747476597709e-03 3.608832492305457909e-17 4.981575585965052815e-05 1.147050168386621043e-04 nan nan nan nan
1.445439770745632324e+12 4.305951844139420115e-01 8.425868775469640415e-01 -2.082139290846940938e+00 5.582447809522265991e-03 3.079963844989452689e-17 4.451902234006390640e-05 1.025088371949000633e-04 nan nan nan nan
1.513561248435897705e+12 4.275668694496777000e-01 8.496445830722901826e-01 -2.078771677470404367e+00 5.197895197430602368e-03 2.625058389207457107e-17 3.973186652785965552e-05 9.148600358387874287e-05 nan nan nan nan
1.584893192460786865e+12 4.245486585020535331e-01 8.567286543531960064e-01 -2.075271323865917061e+00 4.833235763262123605e-03 2.234582911703839280e-17 3.541575244748618737e-05 8.154778364274909070e-05 nan nan nan nan
1.659586907437216797e+12 4.215404632927858275e-01 8.638395078256219106e-01 -2.071819684915202409e+00 4.487887342041071113e-03 1.899408895311927877e-17 3.152234134529462780e-05 7.258287327794529515e-05 nan nan nan nan
1.737800828749013916e+12 4.185425825379602283e-01 8.709766438394355159e-01 -2.068406694852531036e+00 4.161301290189820153e-03 1.612128617730733660e-17 2.801558447942471337e-05 6.450826719383870940e-05 nan nan nan nan
1.819700858609603027e+12 4.155549748109602093e-01 8.781403634244875356e-01 -2.064870472135392987e+00 3.852879817613264445e-03 1.366474087054822994e-17 2.486574069481434788e-05 5.725548385013492532e-05 nan nan nan nan
1.905460717962846924e+12 4.125774199780823936e-01 8.853314060226379345e-01 -2.061331822513865486e+00 3.562002502439932418e-03 1.156512903045674232e-17 2.203689906570706941e-05 5.074183528451151450e-05 nan nan nan nan
1.995262314968458496e+12 4.096101972996386564e-01 8.925493098156620508e-01 -2.057856871990237035e+00 3.288093195691514387e-03 9.772488558570433555e-18 1.949867814437601708e-05 4.489736562832901897e-05 nan nan nan nan
2.089296130853596436e+12 4.066533948408339594e-01 8.997940660927921108e-01 -2.054297275023605707e+00 3.030549901845455522e-03 8.245561733384232049e-18 1.722742022627415058e-05 3.966760100376296984e-05 nan nan nan nan
2.187761623949086426e+12 4.037067297195655602e-01 9.070665811617021346e-01 -2.050671015275564724e+00 2.788737125802309442e-03 6.946539134716850765e-18 1.519737173819401982e-05 3.499324161705456534e-05 nan nan nan nan
2.290867652767282715e+12 4.007703981743064303e-01 9.143665887895663369e-01 -2.047124779292031072e+00 2.562059936560778795e-03 5.842106721335947914e-18 1.338349331192284816e-05 3.081663219221906364e-05 nan nan nan nan
2.398832919018974609e+12 3.978445959848431746e-01 9.216938122976120473e-01 -2.043543500884594799e+00 2.349920204770070391e-03 4.905265349085598943e-18 1.176691199590963752e-05 2.709431615235434530e-05 nan nan nan nan
2.511886431509037598e+12 3.949290656634312224e-01 9.290491108064498071e-01 -2.039837226284784144e+00 2.151688585129836202e-03 4.112145258698542444e-18 1.032924187971908959e-05 2.378395837417097321e-05 nan nan nan nan
2.630267991894811523e+12 3.920238613360554347e-01 9.364325702889803038e-01 -2.036213615724196568e+00 1.966762963418754000e-03 3.440939014561751536e-18 9.050591752063850135e-06 2.083975765107708481e-05 nan nan nan nan
2.754228703337566406e+12 3.891292565461632602e-01 9.438437115171647296e-01 -2.032600132875971966e+00 1.794557725001573109e-03 2.874138045824159148e-18 7.916033503163441128e-06 1.822734074002557440e-05 nan nan nan nan
2.884031503125974609e+12 3.862450909788712194e-01 9.512831602907630968e-01 -2.028836584004904964e+00 1.634465910836065952e-03 2.396692675861375132e-18 6.912137180495495687e-06 1.591578403253882205e-05 nan nan nan nan
3.019951720401352051e+12 3.833712540610486053e-01 9.587514275480533144e-01 -2.025123838919382191e+00 1.485893168832977396e-03 1.994716610642669161e-18 6.023947860023482730e-06 1.387065254346345528e-05 nan nan nan nan
3.162277660167680664e+12 3.805080540310968873e-01 9.662479349370104442e-01 -2.021460078550151529e+00 1.348274922021663229e-03 1.656918597058336982e-18 5.239636664193954241e-06 1.206470927567804792e-05 nan nan nan nan
3.311311214825176270e+12 3.776554623474158712e-01 9.737729742801077837e-01 -2.017661109064510239e+00 1.221037861509374160e-03 1.373835189615530257e-18 4.549195870695377679e-06 1.047491059697324527e-05 nan nan nan nan
3.467368504524543945e+12 3.748132380666112096e-01 9.813274088931364103e-01 -2.013852953573604498e+00 1.103611937782182422e-03 1.136847563696155200e-18 3.941869436805508843e-06 9.076489803717200381e-06 nan nan nan nan
3.630780547700200684e+12 3.719816621293988157e-01 9.889107212751246934e-01 -2.010120567016837612e+00 9.954615357096786594e-04 9.387521660139706914e-19 3.408403103474954436e-06 7.848138176976073200e-06 nan nan nan nan
3.801893963204757324e+12 3.691608381579121190e-01 9.965228541411577101e-01 -2.006299494618986046e+00 8.960549258090447396e-04 7.736317941878593649e-19 2.941266048066087824e-06 6.772515356806483118e-06 nan nan nan nan
3.981071705534073730e+12 3.663504700007473303e-01 1.004164835448783766e+00 -2.002395340471097462e+00 8.048611210194609768e-04 6.362438327463165088e-19 2.532932320366914194e-06 5.832292202439675668e-06 nan nan nan nan
4.168693834702408691e+12 3.635507453228967178e-01 1.011836389763302035e+00 -1.998584967392784018e+00 7.213812042270026023e-04 5.220632184742962874e-19 2.176321720178695405e-06 5.011165950442622915e-06 nan nan nan nan
4.365158322400665527e+12 3.607618757006370025e-01 1.019537162394905661e+00 -1.994742494510288067e+00 6.451307850550387158e-04 4.274341903830095659e-19 1.865817913428984774e-06 4.296204513702835973e-06 nan nan nan nan
4.570881896147705078e+12 3.579836010732835860e-01 1.027268100688479180e+00 -1.990753148532223848e+00 5.756288373999068073e-04 3.492079429727511439e-19 1.596188264525128509e-06 3.675359303507597904e-06 nan nan nan nan
4.786300923225284180e+12 3.552159566280516656e-01 1.035029345933792477e+00 -1.986857534937184866e+00 5.124202626536442529e-04 2.846039878386122168e-19 1.362200329745547267e-06 3.136582172943670814e-06 nan nan nan nan
5.011872336271566406e+12 3.524592303213433531e-01 1.042820322081648321e+00 -1.982980207159408703e+00 4.550722575309419887e-04 2.313949800911707274e-19 1.159722099471048471e-06 2.670358818257794257e-06 nan nan nan nan
5.248074602496509766e+12 3.497132687291321651e-01 1.050641692455244192e+00 -1.978932807604354416e+00 4.031599510836124671e-04 1.877050139379527070e-19 9.850899164090230533e-07 2.268253356782167319e-06 nan nan nan nan
5.495408738574966797e+12 3.469779372877857537e-01 1.058494082359865640e+00 -1.974938088615181275e+00 3.562783399139408187e-04 1.518740883810907228e-19 8.346101924525528048e-07 1.921760987602140057e-06 nan nan nan nan
5.754399373370224609e+12 3.442535535063339092e-01 1.066376818968162610e+00 -1.971005173109699360e+00 3.140485267592908487e-04 1.225615146147450090e-19 7.052679028983943529e-07 1.623939359781015172e-06 nan nan nan nan
6.025595860742164062e+12 3.415401021780127833e-01 1.074290177354579212e+00 -1.966923753354640425e+00 2.761039748452559874e-04 9.866183812792413931e-20 5.944963634368331270e-07 1.368878464288822511e-06 nan nan nan nan
6.309573444800446289e+12 3.388373202875711865e-01 1.082235167939106457e+00 -1.962824348795604745e+00 2.420941556195211654e-04 7.921014083835388312e-20 4.997822011925809702e-07 1.150791046209788018e-06 nan nan nan nan
6.606934480074397461e+12 3.361454896083360677e-01 1.090211207951737871e+00 -1.958815620620618869e+00 2.116944682959941420e-04 6.341344118118195326e-20 4.189684510401207658e-07 9.647105097997879451e-07 nan nan nan nan
6.918309709187721680e+12 3.334647297235370789e-01 1.098218177169638654e+00 -1.954714322687512551e+00 1.845959852958301039e-04 5.062924121773163898e-20 3.502687710854399630e-07 8.065236508426779841e-07 nan nan nan nan
7.244359600748172852e+12 3.307947306963401335e-01 1.106257244930628492e+00 -1.950509761837847078e+00 1.605040817259498535e-04 4.030961517867126716e-20 2.920173477220714488e-07 6.723947917605005540e-07 nan nan nan nan
7.585775750290020508e+12 3.281356699253396569e-01 1.114328128297241483e+00 -1.946415801439575599e+00 1.391472144172832190e-04 3.199542863418124759e-20 2.427101466533070702e-07 5.588607656023035677e-07 nan nan nan nan
7.943282347240904297e+12 3.254877752962527238e-01 1.122430374732323433e+00 -1.942294091980446336e+00 1.202712554590197700e-04 2.532042214972534847e-20 2.011272622866009521e-07 4.631126359358309038e-07 nan nan nan nan
8.317637711024701172e+12 3.228507842125480365e-01 1.130565030881952815e+00 -1.937999394467799785e+00 1.036358103651635696e-04 1.997923151949223282e-20 1.661800095238219326e-07 3.826436126831609410e-07 nan nan nan nan
8.709635899558694336e+12 3.202247107736302389e-01 1.138732308462689913e+00 -1.933811408719338765e+00 8.901963244846535287e-05 1.571317673733486042e-20 1.368560482076022499e-07 3.151226964888994410e-07 nan nan nan nan
9.120108393556876953e+12 3.176098577201641460e-01 1.146931511929104142e+00 -1.929652257474285149e+00 7.621905964245594177e-05 1.231778590197624173e-20 1.123395425946500888e-07 2.586713561322109590e-07 nan nan nan nan
9.549925860212025391e+12 3.150060788065193185e-01 1.155163342544230032e+00 -1.925299715002970480e+00 6.504365219427424760e-05 9.625791500420998477e-21 9.192559517487961212e-08 2.116665051142831839e-07 nan nan nan nan
9.999999999997544922e+12 3.124132135375090047e-01 1.163428565056070507e+00 -1.921001459352869922e+00 5.531841472358808035e-05 7.496089284339147955e-21 7.496089284337307407e-08 1.726038344186748945e-07 nan nan nan nan
1.047128548050641602e+13 3.098315884168472145e-01 1.171726392295309616e+00 -1.916780979864347589e+00 4.688459659984583360e-05 5.816887014609209349e-21 6.091028453782372075e-08 1.402511131868186381e-07 nan nan nan nan
1.096478196142913867e+13 3.072612020371909836e-01 1.180057072169879762e+00 -1.912397221873755493e+00 3.959577644824814055e-05 4.498454575125179033e-21 4.932457357964094408e-08 1.135740278427692088e-07 nan nan nan nan
1.148153621496597656e+13 3.047017678534133522e-01 1.188421791059771859e+00 -1.907983983108475279e+00 3.331799058282799682e-05 3.466186902874285973e-21 3.979715045319187303e-08 9.163632537716085040e-08 nan nan nan nan
1.202264434617113086e+13 3.021535675102404728e-01 1.196819889160901873e+00 -1.903680010527526889e+00 2.793111895150789190e-05 2.660540256760856306e-21 3.198672927570660064e-08 7.365216600387825615e-08 nan nan nan nan
1.258925411793852148e+13 2.996167370242999728e-01 1.205251164332350244e+00 -1.899279923610018184e+00 2.332603748588795255e-05 2.034520285915050062e-21 2.561309288748550241e-08 5.897632586819593891e-08 nan nan nan nan
1.318256738556075781e+13 2.970909519812515165e-01 1.213716951432886937e+00 -1.894751604847421778e+00 1.940370715471019281e-05 1.549846803762663111e-21 2.043095992789726659e-08 4.704402376553495587e-08 nan nan nan nan
1.380384264602536523e+13 2.945763775701920051e-01 1.222216962926920170e+00 -1.890354575415801985e+00 1.607612530976886825e-05 1.175735894154651952e-21 1.622967327619474831e-08 3.737020374992986936e-08 nan nan nan nan
1.445439770745561523e+13 2.920732585735965059e-01 1.230750622654350535e+00 -1.885936004560569756e+00 1.326461905314928659e-05 8.882783727697429030e-22 1.283952887494537575e-08 2.956410778851583517e-08 nan nan nan nan
1.513561248435823438e+13 2.895813297846199785e-01 1.239319089524549167e+00 -1.881313066809752854e+00 1.089859690986509237e-05 6.683798109063109428e-22 1.011633781024655545e-08 2.329372863756574860e-08 nan nan nan nan
1.584893192460708984e+13 2.871005817545460026e-01 1.247922665543880205e+00 -1.876812091197171739e+00 8.915820262704783356e-06 5.006772888652169854e-22 7.935200267421662543e-09 1.827147384568748557e-08 nan nan nan nan
1.659586907437135352e+13 2.846313323836762166e-01 1.256560506681728029e+00 -1.872353678125660670e+00 7.261560537997721337e-06 3.733765491346392911e-22 6.196508324879056291e-09 1.426798769748002090e-08 nan nan nan nan
1.737800828748928516e+13 2.821734428423315344e-01 1.265233351566831477e+00 -1.867674445519577064e+00 5.887382470578370926e-06 2.772284051659044669e-22 4.817677522500524774e-09 1.109311244616219538e-08 nan nan nan nan
1.819700858609513672e+13 2.797267244341891113e-01 1.273942136559158333e+00 -1.863050727608668744e+00 4.750944217846829978e-06 2.048637824049358556e-22 3.727908007402543512e-09 8.583825405898234418e-09 nan nan nan nan
1.905460717962753516e+13 2.772915123401794579e-01 1.282685935050340786e+00 -1.858524740265091957e+00 3.815603382990708509e-06 1.506516510790115405e-22 2.870608032272875590e-09 6.609819262940494152e-09 nan nan nan nan
1.995262314968360547e+13 2.748678194078807979e-01 1.291464953566640927e+00 -1.853819009838136633e+00 3.049432897081868471e-06 1.102596094589412273e-22 2.199968436165544179e-09 5.065614526172205546e-09 nan nan nan nan
2.089296130853493750e+13 2.724553338344442577e-01 1.300280590848115425e+00 -1.849068726550446851e+00 2.424819095184812401e-06 8.029211572819782943e-23 1.677540067289646854e-09 3.862678751841369141e-09 nan nan nan nan
2.187761623948979297e+13 2.700543360003987980e-01 1.309132095784787841e+00 -1.844451039028837336e+00 1.918219202763378383e-06 5.816085110041495113e-23 1.272420780536986005e-09 2.929857121280312267e-09 nan nan nan nan
2.290867652767170312e+13 2.676649788920699713e-01 1.318019159232443505e+00 -1.839734332046564891e+00 1.509468042241835551e-06 4.191075958601523143e-23 9.601200343850390258e-10 2.210758078659921554e-09 nan nan nan nan
2.398832919018857031e+13 2.652869227491227999e-01 1.326943311367247302e+00 -1.834858271354027792e+00 1.181357145966464068e-06 3.004029108692419426e-23 7.206163915622251815e-10 1.659280560978340110e-09 nan nan nan nan
2.511886431508914453e+13 2.629203183266013988e-01 1.335904264851904166e+00 -1.830139079012712111e+00 9.194207313821367584e-07 2.140881815458612364e-23 5.377651983714660576e-10 1.238250129301123682e-09 nan nan nan nan
2.630267991894682031e+13 2.605654279915190497e-01 1.344901286209654101e+00 -1.825407010463543811e+00 7.114945290906075824e-07 1.517061325338707895e-23 3.990277845779728376e-10 9.187954284596796663e-10 nan nan nan nan
2.754228703337430859e+13 2.582219837440933863e-01 1.353935661885345754e+00 -1.820432623895694935e+00 5.473621476499559672e-07 1.068911331146035323e-23 2.944026269565032086e-10 6.778871001683313880e-10 nan nan nan nan
2.884031503125833203e+13 2.558899497933896927e-01 1.363007810548598542e+00 -1.815598145280873155e+00 4.185563575895986480e-07 7.485092802919023830e-24 2.158724344743890857e-10 4.970646496090623155e-10 nan nan nan nan
3.019951720401203906e+13 2.535696596329200525e-01 1.372116702247793807e+00 -1.810824198631635573e+00 3.180944735132900923e-07 5.208904012196786720e-24 1.573063863303842006e-10 3.622113401971049974e-10 nan nan nan nan
3.162277660167525781e+13 2.512609821059240689e-01 1.381263110689775697e+00 -1.805796945060538228e+00 2.402167188312386108e-07 3.602679065003568323e-24 1.139267152401401331e-10 2.623259562057242439e-10 nan nan nan nan
3.311311214825013672e+13 2.489636977011834285e-01 1.390448185510894552e+00 -1.800825791951059074e+00 1.802226539260804678e-07 2.475345514469411575e-24 8.196639362629355270e-11 1.887345960903857098e-10 nan nan nan nan
3.467368504524373438e+13 2.466781499604645822e-01 1.399670828641854881e+00 -1.795977504342724407e+00 1.343126632287773934e-07 1.689257008275672729e-24 5.857276546542136367e-11 1.348687766161156950e-10 nan nan nan nan
3.630780547700022656e+13 2.444043665028566847e-01 1.408931185629661131e+00 -1.790931057337313836e+00 9.941450986087252542e-08 1.145104203137449296e-24 4.157622065840986239e-11 9.573278591108563962e-11 nan nan nan nan
3.801893963204570312e+13 2.421420082827535070e-01 1.418230913845991648e+00 -1.785820200196296836e+00 7.306467531795321753e-08 7.707874405390236784e-25 2.930452117099215634e-11 6.747615360565496722e-11 nan nan nan nan
3.981071705533878125e+13 2.398913531114011954e-01 1.427569153506790700e+00 -1.780871468004005864e+00 5.331174589223393666e-08 5.150110748917268079e-25 2.050296018288042753e-11 4.720981047935094965e-11 nan nan nan nan
4.168693834702203906e+13 2.376525716008411893e-01 1.436945455021938933e+00 -1.775821856368473339e+00 3.861193359568499638e-08 3.415940831147183071e-25 1.424001148251078388e-11 3.278883816369337445e-11 nan nan nan nan
4.365158322400451562e+13 2.354253076092912844e-01 1.446361580974178995e+00 -1.770573780368955852e+00 2.775192047570253442e-08 2.248742256145115706e-25 9.816115974345419912e-12 2.260244231362848811e-11 nan nan nan nan
4.570881896147480469e+13 2.332096949217331017e-01 1.455817251949139690e+00 -1.765514411586855958e+00 1.979040057453398009e-08 1.468536605875530987e-25 6.712507385626332260e-12 1.545611944275562799e-11 nan nan nan nan
4.786300923225049219e+13 2.310060143381930109e-01 1.465311532703203135e+00 -1.760454086378403948e+00 1.400011881434040125e-08 9.513460227111803488e-26 4.553428346809001116e-12 1.048465623337892856e-11 nan nan nan nan
5.011872336271320312e+13 2.288139948316864347e-01 1.474845855124665484e+00 -1.755105281829453689e+00 9.822228443567930646e-09 6.113456445368518511e-26 3.063986323754207889e-12 7.055089234214067370e-12 nan nan nan nan
5.248074602496252344e+13 2.266335711435648048e-01 1.484420789801286000e+00 -1.749917476801030825e+00 6.832583918835075839e-09 3.894644533651643953e-26 2.043938506280805227e-12 4.706342335558698841e-12 nan nan nan nan
5.495408738574697656e+13 2.244650928752985608e-01 1.494035072195407654e+00 -1.744813909064133473e+00 4.711721794371055055e-09 2.459415608892390788e-26 1.351549402889425576e-12 3.112057507538195211e-12 nan nan nan nan
5.754399373369942188e+13 2.223084368547185163e-01 1.503689506169330059e+00 -1.739418223503886196e+00 3.220180447039265483e-09 1.539555681013545551e-26 8.859218246092481068e-13 2.039910386903340407e-12 nan nan nan nan
6.025595860741867969e+13 2.201633497704619524e-01 1.513385509189108857e+00 -1.734078127990480667e+00 2.180509880932378789e-09 9.547927881247573031e-27 5.753195471990724984e-13 1.324722213088668756e-12 nan nan nan nan
6.309573444800135938e+13 2.180301832276005658e-01 1.523121770604601188e+00 -1.728892908765709890e+00 1.462610338656476130e-09 5.864823517993176477e-27 3.700453472756905632e-13 8.520609003688099881e-13 nan nan nan nan
6.606934480074072656e+13 2.159089802368681921e-01 1.532898347899034119e+00 -1.723488830149149775e+00 9.715854896268233827e-10 3.568205078221168590e-27 2.357489716327484066e-13 5.428320677702426347e-13 nan nan nan nan
6.918309709187382031e+13 2.137993722568310440e-01 1.542717216518837420e+00 -1.717993955042694143e+00 6.389473587470568880e-10 2.149311288598693656e-27 1.486960115597838571e-13 3.423852196052286539e-13 nan nan nan nan
7.244359600747817188e+13 2.117016330541152402e-01 1.552577386869581355e+00 -1.712699033485270750e+00 4.158924453395246388e-10 1.281165674399838943e-27 9.281224853487024584e-14 2.137080999236507033e-13 nan nan nan nan
7.585775750289648438e+13 2.096159517099136782e-01 1.562478223944896216e+00 -1.707302934721218524e+00 2.678676124947338480e-10 7.557203850682491115e-28 5.732725371050279880e-14 1.320008798160913411e-13 nan nan nan nan
7.943282347240514062e+13 2.075419545121572618e-01 1.572421769329077179e+00 -1.701658795623635534e+00 1.706546541223550165e-10 4.410127491479064981e-28 3.503088785214574539e-14 8.066160016269700442e-14 nan nan nan nan
8.317637711024293750e+13 2.054797553865614357e-01 1.582407763832671677e+00 -1.696243230882609865e+00 1.075103010074520295e-10 2.544431840412315426e-28 2.116366222894442210e-14 4.873113316152856840e-14 nan nan nan nan
8.709635899558267188e+13 2.034296546196148192e-01 1.592435011404632395e+00 -1.690843081491516520e+00 6.695873592025478831e-11 1.451252961275818376e-28 1.263988489086811195e-14 2.910441052687358946e-14 nan nan nan nan
9.120108393556429688e+13 2.013913778405861110e-01 1.602505110733332128e+00 -1.685097777345753611e+00 4.121163244826466187e-11 8.181961749261964585e-29 7.462037802520168869e-15 1.718197700744099018e-14 nan nan nan nan
9.549925860211556250e+13 1.993648267631165094e-01 1.612618832384421275e+00 -1.679538182902023058e+00 2.505699526026044934e-11 4.556160408452584655e-29 4.351099410795338389e-15 1.001877664143252297e-14 nan nan nan nan
9.999999999997054688e+13 1.973503676781747929e-01 1.622774613798376953e+00 -1.674094231055406778e+00 1.504602270467203937e-11 2.505408465609057673e-29 2.505408465608319931e-15 5.768916184770803336e-15 nan nan nan nan
1.047128548050590156e+14 1.953478857736594132e-01 1.632973280300517693e+00 -1.668311419573540455e+00 8.919276458344488874e-12 1.360430839691831435e-29 1.424545969889752528e-15 3.280138314552889018e-15 nan nan nan nan
1.096478196142860000e+14 1.933570904735002205e-01 1.643216589899642699e+00 -1.662581810994684162e+00 5.217432973799416422e-12 7.289005390639626006e-30 7.992235482404119778e-16 1.840280228148180536e-15 nan nan nan nan
1.148153621496541250e+14 1.913783411265520540e-01 1.653502966624736947e+00 -1.657048200700832474e+00 3.010770883444687080e-12 3.851964715925771101e-30 4.422647238467070002e-16 1.018352160286555772e-15 nan nan nan nan
1.202264434617054062e+14 1.894116968935842527e-01 1.663832342515201734e+00 -1.651272362140935090e+00 1.713280092071086495e-12 2.007690634419334173e-30 2.413775045476115375e-16 5.557922437554328802e-16 nan nan nan nan
1.258925411793790312e+14 1.874567571674680688e-01 1.674207088610670136e+00 -1.645370286367897839e+00 9.609052259331326971e-13 1.031443207964081945e-30 1.298510065328089972e-16 2.989929919527184844e-16 nan nan nan nan
1.318256738556011094e+14 1.855137899748054986e-01 1.684626060210867804e+00 -1.639717178658316454e+00 5.309867130833232472e-13 5.219838121935831409e-31 6.881086778413462714e-17 1.584428783957326169e-16 nan nan nan nan
1.380384264602468906e+14 1.835830039783209744e-01 1.695088376004877162e+00 -1.633964922590594782e+00 2.889862824713984009e-13 2.601855942248786161e-31 3.591561001442654793e-17 8.269874822500623530e-17 nan nan nan nan
1.445439770745490625e+14 1.816640065844064844e-01 1.705596415748850569e+00 -1.627901078332793627e+00 1.548146710122449611e-13 1.276855362411305157e-31 1.845617522318947342e-17 4.249691394260214162e-17 nan nan nan nan
1.513561248435749062e+14 1.797568886101537644e-01 1.716149959832107275e+00 -1.622116027328067256e+00 8.160133413345329095e-14 6.163878582343744436e-32 9.329407762298572138e-18 2.148175523993163254e-17 nan nan nan nan
1.584893192460631250e+14 1.778619711659873148e-01 1.726747472389117632e+00 -1.616369095321756433e+00 4.230306025780297968e-14 2.926416974572371884e-32 4.638058341300988507e-18 1.067952399711634660e-17 nan nan nan nan
1.659586907437054062e+14 1.759789762394025903e-01 1.737390744264297737e+00 -1.610206537998099208e+00 2.155656779699146234e-14 1.366073435328605324e-32 2.267117587868912421e-18 5.220231161891576914e-18 nan nan nan nan
1.737800828748843125e+14 1.741077685612648085e-01 1.748080811944073831e+00 -1.604258680866465614e+00 1.079133882519205623e-14 6.263606001995825678e-33 1.088489970122457411e-18 2.506340779077504683e-18 nan nan nan nan
1.819700858609424375e+14 1.722487318989165683e-01 1.758815731095633605e+00 -1.598468334118380962e+00 5.305064805928736384e-15 2.819926414337550017e-33 5.131422517385434796e-19 1.181553699438568279e-18 nan nan nan nan
1.905460717962660000e+14 1.704017604147698983e-01 1.769596333567693414e+00 -1.592282410498725653e+00 2.559604888069453372e-15 1.246328813726984665e-33 2.374830596221770374e-19 5.468249529246411025e-19 nan nan nan nan
1.995262314968262500e+14 1.685665224189932809e-01 1.780424815295385654e+00 -1.586144212245995888e+00 1.211207402632612732e-15 5.402164416986979078e-34 1.077873508047661345e-19 2.481895471763742660e-19 nan nan nan nan
2.089296130853391250e+14 1.667433847807023861e-01 1.791299266453383554e+00 -1.580255437608562907e+00 5.618725741242457967e-16 2.295050338255379693e-34 4.795039791830731910e-20 1.104098714498271663e-19 nan nan nan nan
2.187761623948871875e+14 1.649324238475942672e-01 1.802219441409884659e+00 -1.574098039109306679e+00 2.553793657028820542e-16 9.554756808720112702e-35 2.090353027228205443e-20 4.813215719590642674e-20 nan nan nan nan
2.290867652767057812e+14 1.631332040937363281e-01 1.813188208874909169e+00 -1.567766321607972468e+00 1.136341921357862422e-16 3.894637830180756587e-35 8.922099824403976857e-21 2.054389405387739179e-20 nan nan nan nan
2.398832919018739375e+14 1.613459858642315170e-01 1.824204239230382774e+00 -1.561747552101363068e+00 4.947395161764205196e-17 1.552944337059974190e-35 3.725253997143198904e-21 8.577714321438413487e-21 nan nan nan nan
2.511886431508790938e+14 1.595709988396344647e-01 1.835266322009081685e+00 -1.555635171569669239e+00 2.106437791866749324e-17 6.055774708221415697e-36 1.521141832185548147e-21 3.502558507120093594e-21 nan nan nan nan
2.630267991894553125e+14 1.578078300969436576e-01 1.846377251415205700e+00 -1.549128738914335557e+00 8.762763358141967016e-18 2.307884813123378031e-36 6.070355552937963304e-22 1.397751020536858342e-21 nan nan nan nan
2.754228703337295938e+14 1.560565436330904610e-01 1.857536878218585041e+00 -1.542964625401323620e+00 3.559231035697441802e-18 8.585595890341306400e-37 2.364669463643275531e-22 5.444852656843232130e-22 nan nan nan nan
2.884031503125691250e+14 1.543174830550133603e-01 1.868743220425568285e+00 -1.536870369205333819e+00 1.410760272839238043e-18 3.116593743285498920e-37 8.988354538079802180e-23 2.069645116992793585e-22 nan nan nan nan
3.019951720401055625e+14 1.525903664836911755e-01 1.879998291327060311e+00 -1.530271667160825633e+00 5.451796445266654404e-19 1.103369223787486548e-37 3.332121785614597151e-23 7.672493951596873548e-23 nan nan nan nan
3.162277660167370625e+14 1.508750172013048618e-01 1.891303485554142405e+00 -1.523921678387774925e+00 2.052244473422121400e-19 3.804369264327751219e-38 1.203047193561102182e-23 2.770118534062116206e-23 nan nan nan nan
3.311311214824851250e+14 1.491718374305476269e-01 1.902656366197264193e+00 -1.517785218883024978e+00 7.520872753777287393e-20 1.276801982232902152e-38 4.227888722878409179e-24 9.735073548137460126e-24 nan nan nan nan
3.467368504524203125e+14 1.474807311512381369e-01 1.914057747998714643e+00 -1.511183743765079912e+00 2.680845077847318846e-20 4.169240876988650014e-39 1.445629450464531227e-24 3.328684822632803911e-24 nan nan nan nan
3.630780547699844375e+14 1.458013211961553535e-01 1.925510397746610591e+00 -1.504619327380846583e+00 9.284534548744934807e-21 1.322683900228792345e-39 4.802374975706460554e-25 1.105787703002934031e-24 nan nan nan nan
3.801893963204384375e+14 1.441339817864200068e-01 1.937011982914601527e+00 -1.498374446993838482e+00 3.122077614734708641e-21 4.073329222753515067e-40 1.548636578213059615e-25 3.565867499458699071e-25 nan nan nan nan
3.981071705533683125e+14 1.424788078502245148e-01 1.948562007173407329e+00 -1.491831202919713828e+00 1.018475287833184013e-21 1.217151432611508578e-40 4.845567129719464092e-26 1.115733063999398536e-25 nan nan nan nan
4.168693834701999375e+14 1.408353258293009447e-01 1.960163973052737152e+00 -1.485047646700788482e+00 3.219015814603518896e-22 3.524246295391233666e-41 1.469150380356879678e-26 3.382843765176283793e-26 nan nan nan nan
4.365158322400236875e+14 1.392037862331265974e-01 1.971816331501107689e+00 -1.478661137739175624e+00 9.849216970957524306e-23 9.875789661920657418e-42 4.310938543300717742e-27 9.926302826617699558e-27 nan nan nan nan
4.570881896147256250e+14 1.375844416910440571e-01 1.983517428981471431e+00 -1.472191986543692543e+00 2.914897326534890541e-23 2.676925057758217865e-42 1.223590828384998545e-27 2.817422001363533569e-27 nan nan nan nan
4.786300923224814375e+14 1.359768574809722685e-01 1.995270573306976436e+00 -1.465220419086979753e+00 8.332683693741638327e-24 7.010921049943875363e-43 3.355637789400265715e-28 7.726641551360545041e-28 nan nan nan nan
5.011872336271074375e+14 1.343810666088624539e-01 2.007075734262647515e+00 -1.458672034742466650e+00 2.298337567978782014e-24 1.771140612574567066e-43 8.876730639808677227e-29 2.043942764574696015e-28 nan nan nan nan
5.248074602495995000e+14 1.327974373048822487e-01 2.018930339528996143e+00 -1.452237873817980418e+00 6.111474247331701240e-25 4.313148081005547336e-44 2.263572290072955028e-29 5.212067812036380597e-29 nan nan nan nan
5.495408738574427500e+14 1.312256837961596201e-01 2.030836660989301823e+00 -1.445185911258553002e+00 1.564476921238923741e-25 1.011560344600117083e-44 5.558937557310842793e-30 1.279992675234868009e-29 nan nan nan nan
5.754399373369660000e+14 1.296655829139180260e-01 2.042796582057078147e+00 -1.438422418843265493e+00 3.850020696436823650e-26 2.280188741692421335e-45 1.312111666635942301e-30 3.021248763939493610e-30 nan nan nan nan
6.025595860741572500e+14 1.281175566235323859e-01 2.054807025422624722e+00 -1.431947808421688784e+00 9.100008425270752916e-27 4.935674099658275876e-46 2.974037742487029395e-31 6.847974971852298608e-31 nan nan nan nan
6.309573444799826250e+14 1.265815199434451310e-01 2.066868751937713800e+00 -1.424922392729947918e+00 2.063045301142752800e-27 1.025073223451784027e-46 6.467774789666734563e-32 1.489260181552932315e-31 nan nan nan nan
6.606934480073748750e+14 1.250570453738115151e-01 2.078985282791262268e+00 -1.417914791783942530e+00 4.478073833719796864e-28 2.038286778811872942e-47 1.346682719921061818e-32 3.100851555882913028e-32 nan nan nan nan
6.918309709187042500e+14 1.235445144323966404e-01 2.091153747109115724e+00 -1.411319758604784758e+00 9.296945008346794656e-29 3.875439164070351173e-48 2.681148839615162555e-33 6.173573350196157572e-33 nan nan nan nan
7.244359600747461250e+14 1.220440424994082007e-01 2.103373295301670165e+00 -1.404392969449564710e+00 1.843672795257438590e-29 7.039696826835648407e-49 5.099809529383826407e-34 1.174274539946817985e-33 nan nan nan nan
7.585775750289276250e+14 1.205551146000028856e-01 2.115648248046314350e+00 -1.397134019559440832e+00 3.485177094584161214e-30 1.219175509338388540e-49 9.248392014085725221e-35 2.129520958579897267e-34 nan nan nan nan
7.943282347240125000e+14 1.190779689645995593e-01 2.127976799038133304e+00 -1.390383450988078362e+00 6.271808014072888695e-31 2.009367398884127492e-50 1.596097258867609803e-35 3.675149755237217280e-35 nan nan nan nan
8.317637711023885000e+14 1.176128836768796371e-01 2.140356694442822505e+00 -1.383569510319939688e+00 1.073079884302430196e-31 3.148714288422169390e-51 2.618986470661997235e-36 6.030439206099403169e-36 nan nan nan nan
8.709635899557840000e+14 1.161594007996338412e-01 2.152791886324311843e+00 -1.376108613659189128e+00 1.741718220309337880e-32 4.682513527900922502e-52 4.078298792277110963e-37 9.390630003872895804e-37 nan nan nan nan
9.120108393555981250e+14 1.147175176565140564e-01 2.165282540644975828e+00 -1.369174804506646304e+00 2.677098091083404260e-33 6.591979746765208448e-53 6.011956981862440547e-38 1.384304252615793016e-37 nan nan nan nan
9.549925860211087500e+14 1.132876298230072604e-01 2.177825297641330593e+00 -1.362417137242798670e+00 3.891665509064821716e-34 8.775724032030148210e-54 8.380751387556062153e-39 1.929739321307575370e-38 nan nan nan nan
9.999999999996563750e+14 1.118694479182216761e-01 2.190422731165226899e+00 -1.354895042482034295e+00 5.338503585001819791e-35 1.102953789862465727e-54 1.102953789862086713e-39 2.539644954797728305e-39 nan nan nan nan
1.047128548050538750e+15 1.104626967451116520e-01 2.203077401036405814e+00 -1.347707509698477857e+00 6.894437533993474551e-36 1.304757907484653652e-55 1.366249253221864593e-40 3.145905163782912718e-40 nan nan nan nan
1.096478196142806125e+15 1.090678197570371100e-01 2.215785390633069341e+00 -1.340910946807360782e+00 8.371044844122986131e-37 1.450753188666948285e-56 1.590719239357959565e-41 3.662766407684465208e-41 nan nan nan nan
1.148153621496485000e+15 1.076847448252865880e-01 2.228547349928667209e+00 -1.333456716428747857e+00 9.535072952236167791e-38 1.513856762892645370e-57 1.738140124742136372e-42 4.002215540766054549e-42 nan nan nan nan
1.202264434616995000e+15 1.063129888453374639e-01 2.241367810644153469e+00 -1.325986901698412490e+00 1.015917971570074356e-38 1.477616262812563438e-58 1.776485480791223744e-43 4.090508985990232459e-43 nan nan nan nan
1.258925411793728500e+15 1.049529408151011201e-01 2.254243212001827423e+00 -1.319054692543582652e+00 1.010830826556696602e-39 1.346406589368017225e-59 1.695025469961920502e-44 3.902940379379545261e-44 nan nan nan nan
1.318256738555946500e+15 1.036047392245510596e-01 2.267172204792319068e+00 -1.311753707640495037e+00 9.373304458622515455e-41 1.143596179711843851e-60 1.507553370091975268e-45 3.471269916866718259e-45 nan nan nan nan
1.380384264602401000e+15 1.022678243093361472e-01 2.280160178377640623e+00 -1.303991310904923928e+00 8.072833429210037585e-42 9.023982241607654793e-62 1.245656309036670888e-46 2.868229648181822754e-46 nan nan nan nan
1.445439770745419500e+15 1.009424195554168985e-01 2.293205028123332490e+00 -1.296886261659436546e+00 6.444022700980277386e-43 6.596975655327045582e-63 9.535530978849038723e-48 2.195637148568071745e-47 nan nan nan nan
1.513561248435674750e+15 9.962883206802675140e-02 2.306303677687782550e+00 -1.289749981060857476e+00 4.758038845054259608e-44 4.460995187590231369e-64 6.751989445394608040e-49 1.554703024501875928e-48 nan nan nan nan
1.584893192460553500e+15 9.832657978241025887e-02 2.319460893847897331e+00 -1.281771881971630389e+00 3.237896685075817550e-45 2.781557079790918431e-65 4.408470880201083183e-50 1.015087933164935393e-49 nan nan nan nan
1.659586907436972500e+15 9.703561938274896104e-02 2.332677157752461206e+00 -1.274455514901971842e+00 2.024854491940065349e-46 1.593177437625800908e-66 2.644016416707762989e-51 6.088072786742828387e-51 nan nan nan nan
1.737800828748758000e+15 9.575637760852817593e-02 2.345948046261942199e+00 -1.267402923984461527e+00 1.161359218631106837e-47 8.367742674214485553e-68 1.454147015400628151e-52 3.348297240683269679e-52 nan nan nan nan
1.819700858609335000e+15 9.448856256452298208e-02 2.359276482870539038e+00 -1.259393771742753243e+00 6.087089262619396319e-49 4.018411158174498520e-69 7.312306234775466709e-54 1.683720733160140997e-53 nan nan nan nan
1.905460717962566250e+15 9.323184110690246884e-02 2.372665972859273165e+00 -1.251772642115243972e+00 2.904121224609104119e-50 1.756130640971932551e-70 3.346237951982440250e-55 7.704997625845693155e-55 nan nan nan nan
1.995262314968164750e+15 9.198668074055399435e-02 2.386111486973140572e+00 -1.244682004234367811e+00 1.258522794545930783e-51 6.968849070017284975e-72 1.390468192810643031e-56 3.201671333048157249e-56 nan nan nan nan
2.089296130853288750e+15 9.075302495710045603e-02 2.399613473532093533e+00 -1.236799787719769839e+00 4.936869768090056658e-53 2.504364090301853096e-73 5.232358204115578091e-58 1.204795000200162741e-57 nan nan nan nan
2.187761623948764500e+15 8.953032953092339430e-02 2.413177833666833472e+00 -1.228846176233981069e+00 1.744368791210562000e-54 8.106600228451677093e-75 1.773530888050086617e-59 4.083705784788621516e-59 nan nan nan nan
2.290867652766945500e+15 8.831899150900217321e-02 2.426800115121328094e+00 -1.221600242315381557e+00 5.537318550515506764e-56 2.356530506556255874e-76 5.398499510228231181e-61 1.243050449678718315e-60 nan nan nan nan
2.398832919018621500e+15 8.711917613827667439e-02 2.440478257033497744e+00 -1.213945455596565193e+00 1.574100823411574906e-57 6.135803337067438009e-78 1.471876702958168159e-62 3.389121354956703167e-62 nan nan nan nan
2.511886431508668000e+15 8.593027545385165111e-02 2.454219062101202109e+00 -1.205645484389503697e+00 3.984323132197139438e-59 1.423006789803622258e-79 3.574431447252425989e-64 8.230432566372569668e-64 nan nan nan nan
2.630267991894424000e+15 8.475249541632282058e-02 2.468020088714669047e+00 -1.198204096544008390e+00 8.948468453931396226e-61 2.926836578780564876e-81 7.698364570672302779e-66 1.772613950086355354e-65 nan nan nan nan
2.754228703337160500e+15 8.358617661904706175e-02 2.481877124010344104e+00 -1.190782441474923514e+00 1.777794666131439978e-62 5.324962581042937262e-83 1.466616478490478791e-67 3.377009240511599339e-67 nan nan nan nan
2.884031503125550000e+15 8.243081216415042156e-02 2.495795977931665188e+00 -1.182253034403443870e+00 3.105445280243283938e-64 8.523176400910298085e-85 2.458110924692154336e-69 5.660009572121964723e-69 nan nan nan nan
3.019951720400907500e+15 8.128631233388533550e-02 2.509777636579313853e+00 -1.174560409137959782e+00 4.745970223040546613e-66 1.192989556923233993e-86 3.602770864850636950e-71 8.295686486878342620e-71 nan nan nan nan
3.162277660167215000e+15 8.015313959998054960e-02 2.523816229140665612e+00 -1.167256320999012331e+00 6.326586853788136238e-68 1.456181041073333282e-88 4.604848775345239791e-73 1.060305614560183746e-72 nan nan nan nan
3.311311214824688500e+15 7.903100117813727232e-02 2.537915083515275949e+00 -1.158740333867180450e+00 7.312539304282623370e-70 1.542152849526594284e-90 5.106548025611262320e-75 1.175826136043066977e-74 nan nan nan nan
3.467368504524033000e+15 7.791949920108152960e-02 2.552079046759354153e+00 -1.150673434407827100e+00 7.279121975941936579e-72 1.406166582549111973e-92 4.875697720444984952e-77 1.122670888904167368e-76 nan nan nan nan
3.630780547699666000e+15 7.681912837580270881e-02 2.566301602447380148e+00 -1.143328358616891638e+00 6.219671091924767144e-74 1.100136795754575190e-94 3.994355277834352376e-79 9.197342918863470693e-79 nan nan nan nan
3.801893963204197500e+15 7.572985139486496098e-02 2.580582858160391790e+00 -1.135022394497320120e+00 4.536382296836491041e-76 7.350678625527752526e-97 2.794650069184809249e-81 6.434919589439720392e-81 nan nan nan nan
3.981071705533487500e+15 7.465105687038336990e-02 2.594930597422898444e+00 -1.126553483750759810e+00 2.800184540142058321e-78 4.156924342399151978e-99 1.654901388156866318e-83 3.810551266745153684e-83 nan nan nan nan
4.168693834701795000e+15 7.358315067131863951e-02 2.609339210552243937e+00 -1.119025649833158997e+00 1.456774671918175157e-80 1.980247268357616590e-101 8.255044578787467878e-86 1.900794258911733674e-85 nan nan nan nan
4.365158322400023000e+15 7.252632949879021795e-02 2.623805617549582081e+00 -1.111047593762125363e+00 6.354754612831450850e-83 7.911593558281429247e-104 3.453535846437859072e-88 7.952060158128388954e-88 nan nan nan nan
4.570881896147032000e+15 7.147993380928663321e-02 2.638338514694603454e+00 -1.102160123854945217e+00 2.301560110868674463e-85 2.625584845535732512e-106 1.200123823725728124e-90 2.763387226257875474e-90 nan nan nan nan
4.786300923224579000e+15 7.044414898225158372e-02 2.652935096148184790e+00 -1.094405597468790514e+00 6.880367540222884551e-88 7.187639293736686858e-109 3.440220458741716397e-93 7.921400344911813569e-93 nan nan nan nan
5.011872336270829000e+15 6.941935486634910613e-02 2.667589561787456542e+00 -1.086750008217085117e+00 1.689628841958956281e-90 1.616245028256502934e-111 8.100413745754030665e-96 1.865189193805729091e-95 nan nan nan nan
5.248074602495737000e+15 6.840501965116047023e-02 2.682309070333432910e+00 -1.077620077905414808e+00 3.373441295205301086e-93 2.957035554326118070e-114 1.551874319133580359e-98 3.573322673437267069e-98 nan nan nan nan
5.495408738574158000e+15 6.740100090174189207e-02 2.697095410999926557e+00 -1.069555746639825777e+00 5.428913712520931280e-96 4.358272402952224266e-117 2.395048824827024565e-101 5.514803721039614588e-101 nan nan nan nan
5.754399373369378000e+15 6.640780270207150005e-02 2.711940718830209374e+00 -1.062059422636671524e+00 7.009596959366795276e-99 5.152021552993062500e-120 2.964678959612880630e-104 6.826425577917715747e-104 nan nan nan nan
6.025595860741277000e+15 6.542513411882455721e-02 2.726848780605100941e+00 -1.053008319035181994e+00 7.188960670992652010e-102 4.841437960784439847e-123 2.917254853653841060e-107 6.717227538487861816e-107 nan nan nan nan
6.309573444799517000e+15 6.445252518227614913e-02 2.741826369879198033e+00 -1.044473886674801122e+00 5.786565594755794484e-105 3.569674918112089588e-126 2.252312606988693118e-110 5.186141433614722172e-110 nan nan nan nan
6.606934480073424000e+15 6.349050199040191800e-02 2.756864959225240774e+00 -1.036926855286682603e+00 3.636842765526429829e-108 2.054022396002922426e-129 1.357079139099473806e-113 3.124790195703641759e-113 nan nan nan nan
6.918309709186703000e+15 6.253905133042289566e-02 2.771964096072562889e+00 -1.028203267253257724e+00 1.768485135036253525e-111 9.149718312175590819e-133 6.330058503544776110e-117 1.457549834804240021e-116 nan nan nan nan
7.244359600747106000e+15 6.159748835103254216e-02 2.787134182796124460e+00 -1.019168687405726637e+00 6.552839395624336719e-115 3.106141127730002337e-136 2.250200329994628598e-120 5.181277736095914999e-120 nan nan nan nan
7.585775750288904000e+15 6.066622899852572998e-02 2.802368094909490015e+00 -1.011399917545802829e+00 1.837670048795866070e-118 7.975522739891353600e-140 6.050052699614554904e-124 1.393076115796085775e-123 nan nan nan nan
7.943282347239735000e+15 5.974550757774823445e-02 2.817661277980493040e+00 -1.003141979190041777e+00 3.868662109882977236e-122 1.537631100398596381e-143 1.221383797636297917e-127 2.812340125261795851e-127 nan nan nan nan
8.317637711023477000e+15 5.883460979927545437e-02 2.833024995207291230e+00 -9.935907838987476648e-01 6.007835831677360358e-126 2.188173419812279773e-147 1.820043375488982507e-131 4.190804745003496060e-131 nan nan nan nan
8.709635899557412000e+15 5.793369697003669661e-02 2.848456078025592753e+00 -9.855507329650753379e-01 6.813097389610837379e-130 2.272192378873910654e-151 1.978996831374097017e-135 4.556808603004447070e-135 nan nan nan nan
9.120108393555534000e+15 5.704319530131130717e-02 2.863946485838640754e+00 -9.777303520935081149e-01 5.600568648374160847e-134 1.710075779842818859e-155 1.559607647336051785e-139 3.591129319675508004e-139 nan nan nan nan
9.549925860210618000e+15 5.616254841321466351e-02 2.879505142565938147e+00 -9.679248513834094458e-01 3.277410585565540457e-138 9.170959683155210435e-160 8.758198504111291716e-144 2.016649731704941334e-143 nan nan nan nan
9.999999999996074000e+15 5.529155360468412245e-02 2.895135119828587733e+00 -9.594834313195229614e-01 1.344385301879854893e-142 3.445149310748661666e-164 3.445149310747308905e-148 7.932749446065466040e-148 nan nan nan nan
1.047128548050487400e+16 5.443076315145592425e-02 2.910825785846960390e+00 -9.518697315230835176e-01 3.838526921055061132e-147 9.004639575488531489e-169 9.429015164399263275e-153 2.171110975916054471e-152 nan nan nan nan
1.096478196142752400e+16 5.357989109633567310e-02 2.926581447410933734e+00 -9.422327058652958387e-01 7.499049622477675372e-152 1.611931770853996781e-173 1.767448040411182928e-157 4.069699510492327991e-157 nan nan nan nan
1.148153621496428600e+16 5.273838609711026248e-02 2.942411699641824807e+00 -9.331794839070852721e-01 9.806616648434538704e-157 1.930928221154071230e-178 2.217002229967703682e-162 5.104836285858192467e-162 nan nan nan nan
1.202264434616936200e+16 5.190680954151488669e-02 2.958305292378100138e+00 -9.254831830370054968e-01 8.516324580637339383e-162 1.535017505225659289e-183 1.845496953047227335e-167 4.249413773252478315e-167 nan nan nan nan
1.258925411793666800e+16 5.108517698599161772e-02 2.974260902405422513e+00 -9.163282304750572926e-01 4.837262437100336806e-167 7.986805809464523249e-189 1.005479279259617457e-172 2.315201599737592596e-172 nan nan nan nan
1.318256738555881800e+16 5.027272142199772087e-02 2.990292666637971664e+00 -9.066169612486566498e-01 1.747355656672770339e-172 2.643468738341926686e-194 3.484770477481060105e-178 8.023980553953632459e-178 nan nan nan nan
1.380384264602333400e+16 4.946986808293975246e-02 3.006391520353317137e+00 -8.986231244138797036e-01 3.969480694193294547e-178 5.497709784127026108e-200 7.588952077359238195e-184 1.747420792477357956e-183 nan nan nan nan
1.445439770745348600e+16 4.867689388694312891e-02 3.022550819658138987e+00 -8.901005328820760232e-01 5.597166276949471499e-184 7.098623439491347514e-206 1.026063263698593114e-189 2.362597975461199422e-189 nan nan nan nan
1.513561248435600400e+16 4.789302378373046926e-02 3.038785426430222092e+00 -8.797105072394052483e-01 4.744518936868685501e-190 5.514822172987424236e-212 8.347021133047176331e-196 1.921972643186069865e-195 nan nan nan nan
1.584893192460475600e+16 4.711838745152265723e-02 3.055091962390724891e+00 -8.713459020038502034e-01 2.374521534591346540e-196 2.527117151170576249e-218 4.005210769440357098e-202 9.222338612012578683e-202 nan nan nan nan
1.659586907436891000e+16 4.635346235581425806e-02 3.071459289526879299e+00 -8.633709104432710779e-01 6.937576087335105738e-203 6.758978479060133488e-225 1.121711219149590736e-208 2.582835531858024878e-208 nan nan nan nan
1.737800828748672600e+16 4.559766441901384748e-02 3.087898782654803664e+00 -8.526746881101838760e-01 1.145302666526617218e-209 1.022733031694140322e-231 1.777306310066719475e-215 4.092399015243881776e-215 nan nan nan nan
1.819700858609245600e+16 4.485071754698354701e-02 3.104415691787395293e+00 -8.437141043807543372e-01 1.037904348226655892e-216 8.488048277916528701e-239 1.544570873924143583e-222 3.556505869370518721e-222 nan nan nan nan
1.905460717962472800e+16 4.411322545088965791e-02 3.120995644643836719e+00 -8.359418309386285051e-01 5.109639898997591476e-224 3.824752984093992881e-246 7.287916567100849774e-230 1.678104804639075884e-229 nan nan nan nan
1.995262314968066800e+16 4.338490702025185608e-02 3.137643662870204242e+00 -8.254797233345140262e-01 1.325809374015196145e-231 9.094707048957648073e-254 1.814632624045963232e-237 4.178346029388903780e-237 nan nan nan nan
2.089296130853186400e+16 4.266511506244097252e-02 3.154373670115918404e+00 -8.156385671932251391e-01 1.738757347944452448e-239 1.092716864473108747e-261 2.283009117061691572e-245 5.256822760115750040e-245 nan nan nan nan
2.187761623948657200e+16 4.195444836421410861e-02 3.171170812019357133e+00 -8.076613652282098599e-01 1.138434396775759337e-247 6.548771147948745660e-270 1.432715020150446123e-253 3.298948247907081539e-253 nan nan nan nan
2.290867652766833200e+16 4.125295711285242167e-02 3.188032481186577893e+00 -7.978489557408322552e-01 3.626426508718998227e-256 1.911041647861874377e-278 4.377943494176992894e-262 1.008058742766220957e-261 nan nan nan nan
2.398832919018503600e+16 4.055978643915783555e-02 3.204978185019830672e+00 -7.870877928938326829e-01 5.326530816988449075e-265 2.572484673619800176e-287 6.170960918749748140e-271 1.420916262096201121e-270 nan nan nan nan
2.511886431508544400e+16 3.987537976558183650e-02 3.221996194020741555e+00 -7.787198868328752965e-01 3.540173901183931660e-274 1.565208118999236914e-296 3.931625036601194446e-280 9.052901200520080662e-280 nan nan nan nan
2.630267991894294800e+16 3.920008168424832934e-02 3.239076448406046360e+00 -7.698609764719548387e-01 1.043043249547444951e-283 4.222585201865497626e-306 1.110653069951332848e-289 2.557373202358012519e-289 nan nan nan nan
2.754228703337025600e+16 3.853308096831190716e-02 3.256238160698678108e+00 -7.583932668611172989e-01 1.283208800677544134e-293 4.762126430166506013e-316 1.311598530288447334e-299 3.020067223835078297e-299 nan nan nan nan
2.884031503125408400e+16 3.787451360380514331e-02 3.273476857378823546e+00 -7.498558585213940253e-01 6.385519310741529067e-304 0.000000000000000000e+00 0.000000000000000000e+00 0.000000000000000000e+00 nan nan nan nan
3.019951720400759200e+16 3.722498126075945296e-02 3.290775203816906913e+00 -7.422410991384310597e-01 1.267328910664528862e-314 0.000000000000000000e+00 0.000000000000000000e+00 0.000000000000000000e+00 nan nan nan nan
3.162277660167060000e+16 3.658395906249788110e-02 3.308145411627176458e+00 -7.312235316512313288e-01 0.000000000000000000e+00 0.000000000000000000e+00 0.000000000000000000e+00 0.000000000000000000e+00 nan nan nan nan
3.311311214824526400e+16 3.595119679780325872e-02 3.325592904748805090e+00 -7.229124850601437169e-01 0.000000000000000000e+00 0.000000000000000000e+00 0.000000000000000000e+00 0.000000000000000000e+00 nan nan nan nan
3.467368504523862800e+16 3.532749182651435949e-02 3.343093812870661541e+00 -7.169262963087305041e-01 0.000000000000000000e+00 0.000000000000000000e+00 0.000000000000000000e+00 0.000000000000000000e+00 nan nan nan nan
3.630780547699488000e+16 3.471272607465140242e-02 3.360648913596889997e+00 -7.080226189189774422e-01 0.000000000000000000e+00 0.000000000000000000e+00 0.000000000000000000e+00 0.000000000000000000e+00 nan nan nan nan
3.801893963204011200e+16 3.410630894695615423e-02 3.378272898698261528e+00 -7.005143492198271371e-01 0.000000000000000000e+00 0.000000000000000000e+00 0.000000000000000000e+00 0.000000000000000000e+00 nan nan nan nan
3.981071705533292000e+16 3.350904868217818161e-02 3.395939766708465424e+00 -6.964113010210222221e-01 0.000000000000000000e+00 0.000000000000000000e+00 0.000000000000000000e+00 0.000000000000000000e+00 nan nan nan nan
4.168693834701590400e+16 3.292119357775041832e-02 3.413638646912234620e+00 -6.907747188675250616e-01 0.000000000000000000e+00 0.000000000000000000e+00 0.000000000000000000e+00 0.000000000000000000e+00 nan nan nan nan
4.365158322399808800e+16 3.234192298743113897e-02 3.431390965022988571e+00 -6.842768241923868899e-01 0.000000000000000000e+00 0.000000000000000000e+00 0.000000000000000000e+00 0.000000000000000000e+00 nan nan nan nan
4.570881896146807200e+16 3.177179310069946916e-02 3.449176392233604282e+00 -6.817440849475626674e-01 0.000000000000000000e+00 0.000000000000000000e+00 0.000000000000000000e+00 0.000000000000000000e+00 nan nan nan nan
4.786300923224344000e+16 3.121127170404939394e-02 3.466975976844234975e+00 -6.792175702698042272e-01 0.000000000000000000e+00 0.000000000000000000e+00 0.000000000000000000e+00 0.000000000000000000e+00 nan nan nan nan
5.011872336270582400e+16 3.065949532187210377e-02 3.484812866147782628e+00 -6.731176166609421641e-01 0.000000000000000000e+00 0.000000000000000000e+00 0.000000000000000000e+00 0.000000000000000000e+00 nan nan nan nan
5.248074602495480000e+16 3.011651954037769530e-02 3.502681435835529378e+00 -6.710829737227379521e-01 0.000000000000000000e+00 0.000000000000000000e+00 0.000000000000000000e+00 0.000000000000000000e+00 nan nan nan nan
5.495408738573888000e+16 2.958292924042164526e-02 3.520557798866718269e+00 -6.702776806900259121e-01 0.000000000000000000e+00 0.000000000000000000e+00 0.000000000000000000e+00 0.000000000000000000e+00 nan nan nan nan
5.754399373369095200e+16 2.905803567418494340e-02 3.538460218644813082e+00 -6.642322517158457673e-01 0.000000000000000000e+00 0.000000000000000000e+00 0.000000000000000000e+00 0.000000000000000000e+00 nan nan nan nan
6.025595860740980800e+16 2.854130479584062255e-02 3.556402949834108540e+00 -6.609682953967913610e-01 0.000000000000000000e+00 0.000000000000000000e+00 0.000000000000000000e+00 0.000000000000000000e+00 nan nan nan nan
6.309573444799207200e+16 2.803337238435485781e-02 3.574359607651332649e+00 -6.600593533278718006e-01 0.000000000000000000e+00 0.000000000000000000e+00 0.000000000000000000e+00 0.000000000000000000e+00 nan nan nan nan
6.606934480073100000e+16 2.753387512361934325e-02 3.592338209703622720e+00 -6.540185310283350706e-01 0.000000000000000000e+00 0.000000000000000000e+00 0.000000000000000000e+00 0.000000000000000000e+00 nan nan nan nan
6.918309709186363200e+16 2.704181970625653755e-02 3.610370733242689756e+00 -6.482123261875591957e-01 0.000000000000000000e+00 0.000000000000000000e+00 0.000000000000000000e+00 0.000000000000000000e+00 nan nan nan nan
7.244359600746750400e+16 2.655777030345284062e-02 3.628432907316045064e+00 -6.456804740632433592e-01 0.000000000000000000e+00 0.000000000000000000e+00 0.000000000000000000e+00 0.000000000000000000e+00 nan nan nan nan
7.585775750288531200e+16 2.608174164487125218e-02 3.646519763291799610e+00 -6.397874797040201678e-01 0.000000000000000000e+00 0.000000000000000000e+00 0.000000000000000000e+00 0.000000000000000000e+00 nan nan nan nan
7.943282347239345600e+16 2.561254487123110907e-02 3.664673013491621667e+00 -6.308309462354436681e-01 0.000000000000000000e+00 0.000000000000000000e+00 0.000000000000000000e+00 0.000000000000000000e+00 nan nan nan nan
8.317637711023068800e+16 2.515051412987876628e-02 3.682876940105423547e+00 -6.260694157093829038e-01 0.000000000000000000e+00 0.000000000000000000e+00 0.000000000000000000e+00 0.000000000000000000e+00 nan nan nan nan
8.709635899556984000e+16 2.469599964589599961e-02 3.701114006120795441e+00 -6.204117666431008260e-01 0.000000000000000000e+00 0.000000000000000000e+00 0.000000000000000000e+00 0.000000000000000000e+00 nan nan nan nan
9.120108393555086400e+16 2.424793312092278497e-02 3.719423897358004272e+00 -6.084846634959681921e-01 0.000000000000000000e+00 0.000000000000000000e+00 0.000000000000000000e+00 0.000000000000000000e+00 nan nan nan nan
9.549925860210150400e+16 2.380622598187785710e-02 3.737808136637722711e+00 -6.013685235074975877e-01 0.000000000000000000e+00 0.000000000000000000e+00 0.000000000000000000e+00 0.000000000000000000e+00 nan nan nan nan
